Iteration 1:
Train accuracies:
32.115531752104054
40.24483550114767
48.75669472073451
47.93420045906657
52.21882172915072
Test accuracies:
29.303749043611322
37.184391736801835
43.38179035960214
45.75363427697016
49.12012241775057
Train losses:
2.155491656646496
2.0593281453702508
1.9917759182976513
1.9885683088767818
1.9602172287499033
Test losses:
2.169118997527332
2.0850696941701377
2.0314341667221814
2.0135088693804857
1.9924900735296853
Train precision:
[0.34699853587115664, 0.35384615384615387, 0.4148936170212766, 0.38469601677148846, 0, 0.33131923464249746, 0, 0.25260273972602737, 0, 0]
[0.32242063492063494, 0.27556440903054447, 0.18571428571428572, 0.44558258642765686, 0, 0.6763636363636364, 0.49875311720698257, 0.4740331491712707, 0, 0.2857142857142857]
[0.43007915567282323, 0.3428819444444444, 0.5228758169934641, 0.49445129469790383, 0, 0.5983379501385041, 0.45180722891566266, 0.8041666666666667, 0, 0.4378698224852071]
[0.549367088607595, 0.46409807355516636, 0.40386940749697703, 0.5916515426497277, 0.463768115942029, 0.40448504983388706, 0.4340974212034384, 0.5910326086956522, 0, 0.6045197740112994]
[0.3472882968601332, 0.6803519061583577, 0.49725776965265084, 0.38650306748466257, 0.46788990825688076, 0.826530612244898, 0.633423180592992, 0.8663366336633663, 0, 0.5177514792899408]
Test precision:
[0.30128205128205127, 0.3106060606060606, 0.32608695652173914, 0.3064516129032258, 0, 0.2862595419847328, 0, 0.2786177105831533, 0, 0]
[0.2682926829268293, 0.21705426356589147, 0.5, 0.42245989304812837, 0, 0.6259541984732825, 0.4778761061946903, 0.5021834061135371, 0, 0.25]
[0.35233160621761656, 0.27181208053691275, 0.5142857142857142, 0.42574257425742573, 0, 0.5674157303370787, 0.395, 0.8220338983050848, 0, 0.3958333333333333]
[0.46938775510204084, 0.39855072463768115, 0.375609756097561, 0.5333333333333333, 0.7142857142857143, 0.38305084745762713, 0.4491017964071856, 0.5909090909090909, 0, 0.56]
[0.2938775510204082, 0.6338028169014085, 0.5, 0.30067567567567566, 0.49375, 0.7936507936507936, 0.6588235294117647, 0.8532110091743119, 0, 0.5061728395061729]
Train recall:
[0.4463276836158192, 0.38619402985074625, 0.15057915057915058, 0.6847014925373134, 0.0, 0.6115241635687733, 0.0, 0.900390625, 0.0, 0.0]
[0.6120527306967984, 0.7742537313432836, 0.025096525096525095, 0.6492537313432836, 0.0, 0.6914498141263941, 0.3831417624521073, 0.837890625, 0.0, 0.0037735849056603774]
[0.6139359698681732, 0.7369402985074627, 0.3088803088803089, 0.7481343283582089, 0.0, 0.8029739776951673, 0.7183908045977011, 0.75390625, 0.0, 0.13962264150943396]
[0.4086629001883239, 0.4944029850746269, 0.6447876447876448, 0.6082089552238806, 0.06374501992031872, 0.9052044609665427, 0.5804597701149425, 0.849609375, 0.0, 0.2018867924528302]
[0.687382297551789, 0.43283582089552236, 0.525096525096525, 0.8227611940298507, 0.5079681274900398, 0.7527881040892194, 0.4501915708812261, 0.68359375, 0.0, 0.330188679245283]
Test recall:
[0.373015873015873, 0.36607142857142855, 0.11278195488721804, 0.6608695652173913, 0.0, 0.5905511811023622, 0.0, 0.9280575539568345, 0.0, 0.0]
[0.5238095238095238, 0.75, 0.03759398496240601, 0.6869565217391305, 0.0, 0.6456692913385826, 0.4186046511627907, 0.8273381294964028, 0.0, 0.007751937984496124]
[0.5396825396825397, 0.7232142857142857, 0.2706766917293233, 0.7478260869565218, 0.0, 0.7952755905511811, 0.6124031007751938, 0.697841726618705, 0.0, 0.14728682170542637]
[0.36507936507936506, 0.49107142857142855, 0.5789473684210527, 0.6260869565217392, 0.09868421052631579, 0.889763779527559, 0.5813953488372093, 0.841726618705036, 0.0, 0.21705426356589147]
[0.5714285714285714, 0.4017857142857143, 0.5037593984962406, 0.7739130434782608, 0.5197368421052632, 0.7874015748031497, 0.43410852713178294, 0.6690647482014388, 0.0, 0.3178294573643411]

Iteration 2:
Train accuracies:
60.022953328232596
61.66794185156847
61.113236419280796
62.94950267788829
61.189747513389435
Test accuracies:
57.153787299158374
57.84238714613619
56.15914307574599
59.83167559296098
57.153787299158374
Train losses:
1.8914575591319944
1.8652133570938576
1.8641441399004401
1.8481167453091318
1.8635688743940213
Test losses:
1.913580801428818
1.8965886802208134
1.905716020886491
1.8766682380583228
1.899966094552017
Train precision:
[0.5357142857142857, 0.6788154897494305, 0.519872813990461, 0.7085201793721974, 0.5098591549295775, 0.6492957746478873, 0.5839874411302983, 0.6915739268680445, 0, 0.5752427184466019]
[0.46107784431137727, 0.6041666666666666, 0.5499021526418787, 0.6411149825783972, 0.6016129032258064, 0.7516666666666667, 0.6901408450704225, 0.8122448979591836, 0, 0.5276190476190477]
[0.422963689892051, 0.6457564575645757, 0.7060367454068242, 0.6198083067092651, 0.7769028871391076, 0.6676737160120846, 0.48813982521847693, 0.843010752688172, 0, 0.6723646723646723]
[0.464, 0.7931034482758621, 0.5484375, 0.538163001293661, 0.6166419019316494, 0.7287066246056783, 0.7420042643923241, 0.8382352941176471, 0, 0.6531165311653117]
[0.7823343848580442, 0.5, 0.39879759519038077, 0.815028901734104, 0.568870523415978, 0.6891891891891891, 0.7904191616766467, 0.8395061728395061, 0, 0.5950095969289827]
Test precision:
[0.5104895104895105, 0.6373626373626373, 0.5222929936305732, 0.6976744186046512, 0.5088495575221239, 0.5875706214689266, 0.5273972602739726, 0.6842105263157895, 0, 0.5545454545454546]
[0.4166666666666667, 0.49295774647887325, 0.544, 0.6209677419354839, 0.5948717948717949, 0.6853146853146853, 0.639344262295082, 0.7709923664122137, 0, 0.5112781954887218]
[0.35471698113207545, 0.576271186440678, 0.6413043478260869, 0.5785714285714286, 0.8235294117647058, 0.6258064516129033, 0.4075829383886256, 0.8260869565217391, 0, 0.6086956521739131]
[0.4207920792079208, 0.7662337662337663, 0.5421686746987951, 0.453551912568306, 0.6482412060301508, 0.7086092715231788, 0.6923076923076923, 0.8292682926829268, 0, 0.5392156862745098]
[0.6538461538461539, 0.4187192118226601, 0.38976377952755903, 0.7692307692307693, 0.5909090909090909, 0.6842105263157895, 0.7125, 0.8442622950819673, 0, 0.5112781954887218]
Train recall:
[0.6214689265536724, 0.5559701492537313, 0.6312741312741312, 0.5895522388059702, 0.7211155378486056, 0.8568773234200744, 0.7126436781609196, 0.849609375, 0.0, 0.44716981132075473]
[0.7250470809792844, 0.6492537313432836, 0.5424710424710425, 0.6865671641791045, 0.7430278884462151, 0.8382899628252788, 0.657088122605364, 0.77734375, 0.0, 0.5226415094339623]
[0.8116760828625236, 0.6529850746268657, 0.5193050193050193, 0.7238805970149254, 0.5896414342629482, 0.8215613382899628, 0.7490421455938697, 0.765625, 0.0, 0.44528301886792454]
[0.7645951035781544, 0.47201492537313433, 0.6776061776061776, 0.7761194029850746, 0.8266932270916335, 0.8587360594795539, 0.6666666666666666, 0.779296875, 0.0, 0.4547169811320755]
[0.4670433145009416, 0.7779850746268657, 0.7683397683397684, 0.5261194029850746, 0.8227091633466136, 0.8531598513011153, 0.5057471264367817, 0.796875, 0.0, 0.5849056603773585]
Test recall:
[0.5793650793650794, 0.5178571428571429, 0.6165413533834586, 0.5217391304347826, 0.756578947368421, 0.8188976377952756, 0.5968992248062015, 0.841726618705036, 0.0, 0.4728682170542636]
[0.6349206349206349, 0.625, 0.5112781954887218, 0.6695652173913044, 0.7631578947368421, 0.7716535433070866, 0.6046511627906976, 0.7266187050359713, 0.0, 0.5271317829457365]
[0.746031746031746, 0.6071428571428571, 0.44360902255639095, 0.7043478260869566, 0.6447368421052632, 0.7637795275590551, 0.6666666666666666, 0.6834532374100719, 0.0, 0.43410852713178294]
[0.6746031746031746, 0.5267857142857143, 0.6766917293233082, 0.7217391304347827, 0.8486842105263158, 0.84251968503937, 0.5581395348837209, 0.7338129496402878, 0.0, 0.4263565891472868]
[0.40476190476190477, 0.7589285714285714, 0.7443609022556391, 0.43478260869565216, 0.8552631578947368, 0.8188976377952756, 0.4418604651162791, 0.7410071942446043, 0.0, 0.5271317829457365]

Iteration 3:
Train accuracies:
63.695485845447585
66.48814078041316
61.285386381025255
67.61667941851567
67.65493496557
Test accuracies:
58.760520275439944
61.66794185156847
57.23029839326702
64.19280795715379
62.50956388676359
Train losses:
1.8405504997183637
1.8117209433055506
1.8508590743309115
1.7938709724240187
1.7888428583377745
Test losses:
1.8814656211108696
1.8523168040484916
1.8919422568344488
1.8272660825310685
1.840866827383274
Train precision:
[0.4737470167064439, 0.4969915764139591, 0.6762589928057554, 0.6970802919708029, 0.7045454545454546, 0.8087431693989071, 0.8422712933753943, 0.8449781659388647, 0, 0.5085959885386819]
[0.6930232558139535, 0.7368421052631579, 0.43829787234042555, 0.6727605118829981, 0.6454005934718101, 0.7362459546925566, 0.7662082514734774, 0.7883211678832117, 0, 0.688034188034188]
[0.5544388609715243, 0.5759398496240602, 0.7661290322580645, 0.8426666666666667, 0.8646408839779005, 0.5670225385527876, 0.3840520748576078, 0.9232804232804233, 0, 0.6805896805896806]
[0.6081504702194357, 0.6625874125874126, 0.530690537084399, 0.7375478927203065, 0.7364620938628159, 0.7265745007680492, 0.7279549718574109, 0.7638640429338104, 0, 0.6522781774580336]
[0.5061576354679803, 0.6132352941176471, 0.7245370370370371, 0.5835579514824798, 0.6833602584814217, 0.8822393822393823, 0.8978978978978979, 0.7454545454545455, 0, 0.6837782340862423]
Test precision:
[0.40384615384615385, 0.39436619718309857, 0.6018518518518519, 0.6896551724137931, 0.7309941520467836, 0.7540983606557377, 0.8333333333333334, 0.8099173553719008, 0, 0.46703296703296704]
[0.6020408163265306, 0.6610169491525424, 0.4107883817427386, 0.5853658536585366, 0.6490384615384616, 0.7285714285714285, 0.7181818181818181, 0.7430555555555556, 0, 0.6]
[0.5244755244755245, 0.5100671140939598, 0.6767676767676768, 0.7792207792207793, 0.8306451612903226, 0.5124378109452736, 0.3560371517027864, 0.9444444444444444, 0, 0.6336633663366337]
[0.5253164556962026, 0.5578231292517006, 0.5497382198952879, 0.7047619047619048, 0.7607361963190185, 0.69375, 0.7105263157894737, 0.7320261437908496, 0, 0.5775862068965517]
[0.44329896907216493, 0.5214723926380368, 0.6636363636363637, 0.47674418604651164, 0.6907216494845361, 0.8235294117647058, 0.8695652173913043, 0.7419354838709677, 0, 0.6412213740458015]
Train recall:
[0.7476459510357816, 0.7705223880597015, 0.5444015444015444, 0.7126865671641791, 0.8027888446215139, 0.8252788104089219, 0.5114942528735632, 0.755859375, 0.0, 0.6698113207547169]
[0.5612052730696798, 0.6791044776119403, 0.7953667953667953, 0.6865671641791045, 0.8665338645418327, 0.845724907063197, 0.7471264367816092, 0.84375, 0.0, 0.6075471698113207]
[0.623352165725047, 0.7145522388059702, 0.5501930501930502, 0.5895522388059702, 0.6235059760956175, 0.8884758364312267, 0.9042145593869731, 0.681640625, 0.0, 0.5226415094339623]
[0.7306967984934086, 0.707089552238806, 0.8011583011583011, 0.7182835820895522, 0.8127490039840638, 0.879182156133829, 0.7432950191570882, 0.833984375, 0.0, 0.5132075471698113]
[0.7740112994350282, 0.7779850746268657, 0.6042471042471043, 0.8078358208955224, 0.8426294820717132, 0.8494423791821561, 0.5727969348659003, 0.880859375, 0.0, 0.6283018867924528]
Test recall:
[0.6666666666666666, 0.75, 0.48872180451127817, 0.6956521739130435, 0.8223684210526315, 0.7244094488188977, 0.4263565891472868, 0.7050359712230215, 0.0, 0.6589147286821705]
[0.46825396825396826, 0.6964285714285714, 0.7443609022556391, 0.6260869565217392, 0.8881578947368421, 0.8031496062992126, 0.6124031007751938, 0.7697841726618705, 0.0, 0.5813953488372093]
[0.5952380952380952, 0.6785714285714286, 0.5037593984962406, 0.5217391304347826, 0.6776315789473685, 0.8110236220472441, 0.8914728682170543, 0.6115107913669064, 0.0, 0.49612403100775193]
[0.6587301587301587, 0.7321428571428571, 0.7894736842105263, 0.6434782608695652, 0.8157894736842105, 0.8740157480314961, 0.627906976744186, 0.8057553956834532, 0.0, 0.5193798449612403]
[0.6825396825396826, 0.7589285714285714, 0.5488721804511278, 0.7130434782608696, 0.881578947368421, 0.7716535433070866, 0.46511627906976744, 0.8273381294964028, 0.0, 0.6511627906976745]

Iteration 4:
Train accuracies:
66.54552410099464
68.17138485080336
63.92501912777353
70.42846212700842
70.46671767406274
Test accuracies:
60.21423106350421
64.49885233358837
59.83167559296098
65.72302983932671
63.657230298393266
Train losses:
1.8057863050844611
1.786580255118812
1.8277782637898514
1.7651345598988417
1.7618186146747776
Test losses:
1.8608934414095994
1.825051205914195
1.8647419068871476
1.8031094946512363
1.8237003698581602
Train precision:
[0.5638629283489096, 0.5822416302765647, 0.7151767151767152, 0.6984126984126984, 0.8717948717948718, 0.7310664605873262, 0.8976608187134503, 0.8234165067178503, 0, 0.4500525762355415]
[0.7220902612826603, 0.8789625360230547, 0.49248554913294795, 0.7434343434343434, 0.6919504643962848, 0.7824620573355818, 0.7463503649635036, 0.7643097643097643, 0, 0.5382475660639777]
[0.6005025125628141, 0.7484787018255578, 0.8290598290598291, 0.889589905362776, 0.7626811594202898, 0.5639269406392694, 0.3811764705882353, 0.8915401301518439, 0, 0.691089108910891]
[0.48484848484848486, 0.8145833333333333, 0.7176258992805755, 0.8017817371937639, 0.6545718432510885, 0.8070175438596491, 0.6395348837209303, 0.8858350951374208, 0, 0.7638888888888888]
[0.46238716148445336, 0.7363636363636363, 0.7978436657681941, 0.6996527777777778, 0.7305194805194806, 0.8886756238003839, 0.7711069418386491, 0.8485436893203884, 0, 0.6520947176684881]
Test precision:
[0.48717948717948717, 0.42857142857142855, 0.6564885496183206, 0.6752136752136753, 0.8583333333333333, 0.6838709677419355, 0.8208955223880597, 0.8059701492537313, 0, 0.39285714285714285]
[0.6363636363636364, 0.9117647058823529, 0.4930875576036866, 0.6944444444444444, 0.6273584905660378, 0.7697841726618705, 0.680327868852459, 0.7597402597402597, 0, 0.5106382978723404]
[0.5222222222222223, 0.6822429906542056, 0.7875, 0.7567567567567568, 0.7559523809523809, 0.5211267605633803, 0.3644859813084112, 0.8928571428571429, 0, 0.6197183098591549]
[0.40186915887850466, 0.7692307692307693, 0.684931506849315, 0.7604166666666666, 0.6666666666666666, 0.8046875, 0.5555555555555556, 0.8688524590163934, 0, 0.6557377049180327]
[0.3938223938223938, 0.6124031007751938, 0.7816091954022989, 0.6178861788617886, 0.6735751295336787, 0.8264462809917356, 0.6782608695652174, 0.8484848484848485, 0, 0.5878378378378378]
Train recall:
[0.6817325800376648, 0.746268656716418, 0.6640926640926641, 0.7388059701492538, 0.6772908366533864, 0.879182156133829, 0.5881226053639846, 0.837890625, 0.0, 0.8075471698113208]
[0.5725047080979284, 0.5690298507462687, 0.8223938223938224, 0.6865671641791045, 0.8904382470119522, 0.862453531598513, 0.7835249042145593, 0.88671875, 0.0, 0.730188679245283]
[0.4500941619585687, 0.6884328358208955, 0.5617760617760618, 0.5261194029850746, 0.8386454183266933, 0.9182156133828996, 0.9310344827586207, 0.802734375, 0.0, 0.6584905660377358]
[0.8135593220338984, 0.7294776119402985, 0.7702702702702703, 0.6716417910447762, 0.898406374501992, 0.8550185873605948, 0.842911877394636, 0.818359375, 0.0, 0.6226415094339622]
[0.8681732580037664, 0.7555970149253731, 0.5714285714285714, 0.7518656716417911, 0.896414342629482, 0.8605947955390335, 0.7873563218390804, 0.853515625, 0.0, 0.6754716981132075]
Test recall:
[0.6031746031746031, 0.6696428571428571, 0.6466165413533834, 0.6869565217391305, 0.6776315789473685, 0.8346456692913385, 0.4263565891472868, 0.7769784172661871, 0.0, 0.7674418604651163]
[0.5, 0.5535714285714286, 0.8045112781954887, 0.6521739130434783, 0.875, 0.84251968503937, 0.6434108527131783, 0.841726618705036, 0.0, 0.7441860465116279]
[0.373015873015873, 0.6517857142857143, 0.47368421052631576, 0.48695652173913045, 0.8355263157894737, 0.8740157480314961, 0.9069767441860465, 0.7194244604316546, 0.0, 0.6821705426356589]
[0.6825396825396826, 0.7142857142857143, 0.7518796992481203, 0.6347826086956522, 0.8947368421052632, 0.8110236220472441, 0.7364341085271318, 0.762589928057554, 0.0, 0.6201550387596899]
[0.8095238095238095, 0.7053571428571429, 0.5112781954887218, 0.6608695652173913, 0.8552631578947368, 0.7874015748031497, 0.6046511627906976, 0.8057553956834532, 0.0, 0.6744186046511628]

Iteration 5:
Train accuracies:
71.61438408569242
68.6495791889824
67.15761285386381
69.45294567712318
72.18821729150727
Test accuracies:
64.11629686304514
63.733741392501905
61.973986228003064
65.34047436878348
66.94720734506502
Train losses:
1.7528861652060252
1.7835759542337277
1.7903171014495012
1.771442603774187
1.7427203662511779
Test losses:
1.8158585879860856
1.8281682904173688
1.8404310040357637
1.8081058670834798
1.7961543158787052
Train precision:
[0.5575221238938053, 0.6964285714285714, 0.8315217391304348, 0.832258064516129, 0.7741312741312741, 0.7927631578947368, 0.7435008665511266, 0.7982142857142858, 0, 0.5820689655172414]
[0.7706855791962175, 0.5792276964047937, 0.7115902964959568, 0.852112676056338, 0.6782884310618067, 0.667590027700831, 0.6459909228441755, 0.826007326007326, 0, 0.5925394548063128]
[0.3891145410235581, 0.727112676056338, 0.9557522123893806, 0.803921568627451, 0.8340425531914893, 0.7570532915360502, 0.6053333333333333, 0.8791666666666667, 0, 0.7089715536105032]
[0.6016771488469602, 0.8753180661577609, 0.6051560379918589, 0.8923076923076924, 0.7452991452991453, 0.8628571428571429, 0.48851774530271397, 0.8804780876494024, 0, 0.6157337367624811]
[0.5751633986928104, 0.794921875, 0.8706896551724138, 0.5327868852459017, 0.7898423817863398, 0.7557251908396947, 0.8067729083665338, 0.7751677852348994, 0, 0.8376470588235294]
Test precision:
[0.47540983606557374, 0.5194805194805194, 0.8313253012048193, 0.7628865979381443, 0.7439024390243902, 0.7323943661971831, 0.6357142857142857, 0.7666666666666667, 0, 0.5051546391752577]
[0.6631578947368421, 0.5365853658536586, 0.7553191489361702, 0.7634408602150538, 0.6827956989247311, 0.6011560693641619, 0.6216216216216216, 0.7986111111111112, 0, 0.4857142857142857]
[0.3385579937304075, 0.5985401459854015, 1.0, 0.735632183908046, 0.8355263157894737, 0.7379310344827587, 0.5271739130434783, 0.8629032258064516, 0, 0.646551724137931]
[0.5391304347826087, 0.8795180722891566, 0.6086956521739131, 0.8271604938271605, 0.7288135593220338, 0.8717948717948718, 0.4388185654008439, 0.8484848484848485, 0, 0.5138121546961326]
[0.5027322404371585, 0.6722689075630253, 0.8588235294117647, 0.44019138755980863, 0.764367816091954, 0.7449664429530202, 0.7345132743362832, 0.75, 0, 0.7913043478260869]
Train recall:
[0.8305084745762712, 0.8003731343283582, 0.5907335907335908, 0.7220149253731343, 0.798804780876494, 0.895910780669145, 0.8218390804597702, 0.873046875, 0.0, 0.7962264150943397]
[0.6139359698681732, 0.8115671641791045, 0.5096525096525096, 0.6772388059701493, 0.852589641434263, 0.895910780669145, 0.8180076628352491, 0.880859375, 0.0, 0.779245283018868]
[0.9020715630885122, 0.7705223880597015, 0.416988416988417, 0.6119402985074627, 0.7808764940239044, 0.8977695167286245, 0.8697318007662835, 0.82421875, 0.0, 0.6113207547169811]
[0.5404896421845574, 0.6417910447761194, 0.861003861003861, 0.6492537313432836, 0.8685258964143426, 0.8420074349442379, 0.896551724137931, 0.86328125, 0.0, 0.7679245283018868]
[0.8286252354048964, 0.7593283582089553, 0.584942084942085, 0.8488805970149254, 0.898406374501992, 0.9200743494423792, 0.7758620689655172, 0.90234375, 0.0, 0.6716981132075471]
Test recall:
[0.6904761904761905, 0.7142857142857143, 0.518796992481203, 0.6434782608695652, 0.8026315789473685, 0.8188976377952756, 0.689922480620155, 0.8273381294964028, 0.0, 0.7596899224806202]
[0.5, 0.7857142857142857, 0.5338345864661654, 0.6173913043478261, 0.8355263157894737, 0.8188976377952756, 0.7131782945736435, 0.8273381294964028, 0.0, 0.7906976744186046]
[0.8571428571428571, 0.7321428571428571, 0.3233082706766917, 0.5565217391304348, 0.8355263157894737, 0.84251968503937, 0.751937984496124, 0.7697841726618705, 0.0, 0.5813953488372093]
[0.49206349206349204, 0.6517857142857143, 0.8421052631578947, 0.5826086956521739, 0.8486842105263158, 0.8031496062992126, 0.8062015503875969, 0.8057553956834532, 0.0, 0.7209302325581395]
[0.7301587301587301, 0.7142857142857143, 0.5488721804511278, 0.8, 0.875, 0.8740157480314961, 0.6434108527131783, 0.8633093525179856, 0.0, 0.7054263565891473]

Iteration 6:
Train accuracies:
73.64192807957154
73.6610558530987
73.50803366488141
71.36572302983933
72.5707727620505
Test accuracies:
67.17674062739097
69.70160673297629
67.32976281560826
67.32976281560826
65.87605202754399
Train losses:
1.7322638870739355
1.736169927730793
1.733828596225599
1.7496949506968986
1.7462649316322514
Test losses:
1.7945461883777525
1.7724422914225881
1.7952507501695214
1.7919140647097331
1.8128365161942273
Train precision:
[0.6378539493293591, 0.6846986089644513, 0.7621052631578947, 0.867579908675799, 0.7783783783783784, 0.8495575221238938, 0.7805755395683454, 0.8227848101265823, 0, 0.5677083333333334]
[0.7062374245472837, 0.8090737240075614, 0.6802721088435374, 0.8968481375358166, 0.6472222222222223, 0.8234295415959253, 0.7216666666666667, 0.8792079207920792, 0.5253456221198156, 0.6577287066246057]
[0.720353982300885, 0.6779411764705883, 0.9222614840989399, 0.9036144578313253, 0.6916167664670658, 0.9187620889748549, 0.6894502228826151, 0.9615384615384616, 0.37201907790143085, 0.8150537634408602]
[0.5188335358444714, 0.8376470588235294, 0.7698412698412699, 0.8405466970387244, 0.6626865671641791, 0.8148820326678766, 0.5833333333333334, 0.9467592592592593, 0.5982905982905983, 0.751578947368421]
[0.7916666666666666, 0.5738916256157636, 0.5778061224489796, 0.8047722342733189, 0.8747152619589977, 0.7843137254901961, 0.9327731092436975, 0.8987068965517241, 0.42151162790697677, 0.7695390781563126]
Test precision:
[0.56875, 0.5590062111801242, 0.7310924369747899, 0.7849462365591398, 0.7668711656441718, 0.8467741935483871, 0.7, 0.782312925170068, 0, 0.48095238095238096]
[0.6403508771929824, 0.8113207547169812, 0.6753246753246753, 0.8571428571428571, 0.6495327102803738, 0.7642857142857142, 0.6811594202898551, 0.8382352941176471, 0.5517241379310345, 0.576271186440678]
[0.6384615384615384, 0.5329341317365269, 0.8636363636363636, 0.746268656716418, 0.6780487804878049, 0.8852459016393442, 0.6363636363636364, 0.9795918367346939, 0.4090909090909091, 0.7213114754098361]
[0.4482758620689655, 0.8089887640449438, 0.7651515151515151, 0.8214285714285714, 0.6683417085427136, 0.7938931297709924, 0.5459459459459459, 0.9122807017543859, 0.5681818181818182, 0.6349206349206349]
[0.6956521739130435, 0.4682926829268293, 0.5517241379310345, 0.7608695652173914, 0.8529411764705882, 0.7608695652173914, 0.8857142857142857, 0.8717948717948718, 0.41739130434782606, 0.6187050359712231]
Train recall:
[0.8060263653483992, 0.8264925373134329, 0.6988416988416989, 0.7089552238805971, 0.8605577689243028, 0.8921933085501859, 0.8314176245210728, 0.888671875, 0.0, 0.8226415094339623]
[0.6610169491525424, 0.7985074626865671, 0.7722007722007722, 0.5839552238805971, 0.9282868525896414, 0.9014869888475836, 0.8295019157088123, 0.8671875, 0.22664015904572565, 0.7867924528301887]
[0.7664783427495292, 0.8600746268656716, 0.5038610038610039, 0.5597014925373134, 0.9203187250996016, 0.8828996282527881, 0.8888888888888888, 0.78125, 0.46520874751491054, 0.7150943396226415]
[0.8041431261770244, 0.664179104477612, 0.749034749034749, 0.6884328358208955, 0.8844621513944223, 0.8345724907063197, 0.8850574712643678, 0.798828125, 0.13916500994035785, 0.6735849056603773]
[0.67984934086629, 0.8694029850746269, 0.8745173745173745, 0.6921641791044776, 0.7649402390438247, 0.8921933085501859, 0.6379310344827587, 0.814453125, 0.2882703777335984, 0.7245283018867924]
Test recall:
[0.7222222222222222, 0.8035714285714286, 0.6541353383458647, 0.6347826086956522, 0.8223684210526315, 0.8267716535433071, 0.7054263565891473, 0.8273381294964028, 0.0, 0.7829457364341085]
[0.5793650793650794, 0.7678571428571429, 0.7819548872180451, 0.5217391304347826, 0.9144736842105263, 0.84251968503937, 0.7286821705426356, 0.8201438848920863, 0.2206896551724138, 0.7906976744186046]
[0.6587301587301587, 0.7946428571428571, 0.42857142857142855, 0.43478260869565216, 0.9144736842105263, 0.8503937007874016, 0.7596899224806202, 0.6906474820143885, 0.496551724137931, 0.6821705426356589]
[0.7222222222222222, 0.6428571428571429, 0.7593984962406015, 0.6, 0.875, 0.8188976377952756, 0.7829457364341085, 0.7482014388489209, 0.1724137931034483, 0.6201550387596899]
[0.5079365079365079, 0.8571428571428571, 0.8421052631578947, 0.6086956521739131, 0.7631578947368421, 0.8267716535433071, 0.4806201550387597, 0.7338129496402878, 0.3310344827586207, 0.6666666666666666]

Iteration 7:
Train accuracies:
72.68553940321347
75.97551644988523
76.53022188217291
77.0849273144606
70.77276205049732
Test accuracies:
68.247895944912
69.24254016832441
70.16067329762815
70.61973986228003
64.0397857689365
Train losses:
1.7423047619621927
1.7113003381868688
1.7065447786959207
1.6955479921364203
1.7629227609169194
Test losses:
1.7850194820543615
1.7669870155613596
1.7657360914276867
1.7563560445134232
1.8247389735245123
Train precision:
[0.4038623005877414, 0.8211538461538461, 0.9255014326647565, 0.8836633663366337, 0.8888888888888888, 0.8695652173913043, 0.7111913357400722, 0.9303370786516854, 0.5047619047619047, 0.8130630630630631]
[0.721830985915493, 0.5765983112183354, 0.9174311926605505, 0.9155672823218998, 0.8951965065502183, 0.819672131147541, 0.700152207001522, 0.859344894026975, 0.5692307692307692, 0.8126272912423625]
[0.8405797101449275, 0.906318082788671, 0.9215116279069767, 0.6454802259887006, 0.7611202635914333, 0.8901098901098901, 0.815442561205273, 0.9598108747044918, 0.42266824085005905, 0.9111747851002865]
[0.7725409836065574, 0.8553971486761711, 0.6717095310136157, 0.9198966408268734, 0.8074074074074075, 0.9119850187265918, 0.7771929824561403, 0.9180672268907563, 0.7339449541284404, 0.544611819235226]
[0.6200607902735562, 0.6893353941267388, 0.993421052631579, 0.6898148148148148, 0.9601226993865031, 0.7478005865102639, 0.9066265060240963, 0.9098196392785571, 0.3885416666666667, 0.9166666666666666]
Test precision:
[0.36486486486486486, 0.7058823529411765, 0.9130434782608695, 0.8352941176470589, 0.8642857142857143, 0.8448275862068966, 0.656, 0.9026548672566371, 0.5376344086021505, 0.71875]
[0.6106870229007634, 0.48205128205128206, 0.8846153846153846, 0.8461538461538461, 0.875, 0.7655172413793103, 0.6139240506329114, 0.8444444444444444, 0.5092592592592593, 0.6993006993006993]
[0.711340206185567, 0.7669902912621359, 0.8617021276595744, 0.5151515151515151, 0.723404255319149, 0.848, 0.7142857142857143, 0.9339622641509434, 0.45739910313901344, 0.875]
[0.6909090909090909, 0.8207547169811321, 0.6740331491712708, 0.868421052631579, 0.7515151515151515, 0.8852459016393442, 0.6541353383458647, 0.9008264462809917, 0.6607142857142857, 0.45147679324894513]
[0.554140127388535, 0.5632911392405063, 0.925, 0.5899280575539568, 0.9456521739130435, 0.6748466257668712, 0.8450704225352113, 0.8646616541353384, 0.37050359712230213, 0.881578947368421]
Train recall:
[0.9058380414312618, 0.7966417910447762, 0.6235521235521235, 0.6660447761194029, 0.8446215139442231, 0.8550185873605948, 0.7547892720306514, 0.80859375, 0.31610337972166996, 0.6811320754716981]
[0.7721280602636534, 0.8917910447761194, 0.5791505791505791, 0.6473880597014925, 0.8167330677290837, 0.929368029739777, 0.8812260536398467, 0.87109375, 0.441351888667992, 0.7528301886792453]
[0.655367231638418, 0.7761194029850746, 0.611969111969112, 0.8526119402985075, 0.9203187250996016, 0.9033457249070632, 0.8295019157088123, 0.79296875, 0.7117296222664016, 0.6]
[0.7099811676082862, 0.7835820895522388, 0.8571428571428571, 0.664179104477612, 0.8685258964143426, 0.9052044609665427, 0.8486590038314177, 0.853515625, 0.31809145129224653, 0.8867924528301887]
[0.768361581920904, 0.832089552238806, 0.2915057915057915, 0.8339552238805971, 0.6235059760956175, 0.9479553903345725, 0.5766283524904214, 0.88671875, 0.7415506958250497, 0.560377358490566]
Test recall:
[0.8571428571428571, 0.75, 0.631578947368421, 0.6173913043478261, 0.7960526315789473, 0.7716535433070866, 0.6356589147286822, 0.7338129496402878, 0.3448275862068966, 0.7131782945736435]
[0.6349206349206349, 0.8392857142857143, 0.518796992481203, 0.5739130434782609, 0.7828947368421053, 0.8740157480314961, 0.751937984496124, 0.8201438848920863, 0.3793103448275862, 0.7751937984496124]
[0.5476190476190477, 0.7053571428571429, 0.6090225563909775, 0.7391304347826086, 0.8947368421052632, 0.8346456692913385, 0.6976744186046512, 0.7122302158273381, 0.7034482758620689, 0.5426356589147286]
[0.6031746031746031, 0.7767857142857143, 0.9172932330827067, 0.5739130434782609, 0.8157894736842105, 0.8503937007874016, 0.6744186046511628, 0.7841726618705036, 0.25517241379310346, 0.8294573643410853]
[0.6904761904761905, 0.7946428571428571, 0.2781954887218045, 0.7130434782608696, 0.5723684210526315, 0.8661417322834646, 0.46511627906976744, 0.8273381294964028, 0.7103448275862069, 0.5193798449612403]

Iteration 8:
Train accuracies:
77.63963274674828
75.38255547054324
80.89135424636572
78.2708492731446
74.9043611323642
Test accuracies:
70.84927314460597
69.39556235654169
71.69089517980107
73.14460596786535
66.94720734506502
Train losses:
1.6932566791045955
1.7154484078651522
1.660873071449559
1.6840818865997036
1.7236901994158582
Test losses:
1.75416667577697
1.7709588742837674
1.7440830672659524
1.7369240929440755
1.7963627983884114
Train precision:
[0.47076023391812866, 0.78719723183391, 0.9540540540540541, 0.8104089219330854, 0.8802395209580839, 0.8861209964412812, 0.8663594470046083, 0.9309623430962343, 0.608955223880597, 0.9064039408866995]
[0.6143884892086331, 0.6959152798789713, 0.9457364341085271, 0.9142857142857143, 0.8387715930902111, 0.8696428571428572, 0.5905707196029777, 0.9059304703476483, 0.5768321513002365, 0.8627906976744186]
[0.8028455284552846, 0.837037037037037, 0.783427495291902, 0.7615780445969125, 0.8879837067209776, 0.8174474959612278, 0.8250950570342205, 0.9676674364896074, 0.5854545454545454, 0.8747300215982722]
[0.5796344647519582, 0.8830409356725146, 0.7710196779964222, 0.9365994236311239, 0.8110516934046346, 0.9144486692015209, 0.801094890510949, 0.9618138424821002, 0.7163120567375887, 0.6492220650636492]
[0.8611825192802056, 0.6379542395693136, 0.8780487804878049, 0.5705596107055961, 0.7264150943396226, 0.9395248380129589, 0.9649805447470817, 0.8907216494845361, 0.5089820359281437, 0.8523908523908524]
Test precision:
[0.41472868217054265, 0.6538461538461539, 0.9081632653061225, 0.7272727272727273, 0.8354430379746836, 0.84, 0.7549019607843137, 0.8934426229508197, 0.5377358490566038, 0.8673469387755102]
[0.5, 0.5958904109589042, 0.9016393442622951, 0.813953488372093, 0.78125, 0.8195488721804511, 0.52, 0.8682170542635659, 0.65, 0.7931034482758621]
[0.6810344827586207, 0.6692913385826772, 0.7368421052631579, 0.6428571428571429, 0.8391608391608392, 0.7516778523489933, 0.7727272727272727, 0.9611650485436893, 0.5, 0.7295081967213115]
[0.532258064516129, 0.8653846153846154, 0.7467532467532467, 0.9285714285714286, 0.7485380116959064, 0.9051724137931034, 0.7380952380952381, 0.9363636363636364, 0.6708860759493671, 0.5497382198952879]
[0.7733333333333333, 0.48484848484848486, 0.8173913043478261, 0.4900990099009901, 0.6974358974358974, 0.9148936170212766, 0.9411764705882353, 0.8790322580645161, 0.45985401459854014, 0.7413793103448276]
Train recall:
[0.9096045197740112, 0.8488805970149254, 0.6814671814671814, 0.8134328358208955, 0.8784860557768924, 0.9256505576208178, 0.7203065134099617, 0.869140625, 0.40556660039761433, 0.6943396226415094]
[0.8041431261770244, 0.8582089552238806, 0.47104247104247104, 0.6567164179104478, 0.8705179282868526, 0.9052044609665427, 0.9118773946360154, 0.865234375, 0.4850894632206759, 0.7]
[0.743879472693032, 0.8432835820895522, 0.803088803088803, 0.8283582089552238, 0.8685258964143426, 0.9405204460966543, 0.8314176245210728, 0.818359375, 0.6401590457256461, 0.7641509433962265]
[0.8361581920903954, 0.8451492537313433, 0.832046332046332, 0.6063432835820896, 0.9063745019920318, 0.8940520446096655, 0.8409961685823755, 0.787109375, 0.40159045725646125, 0.8660377358490566]
[0.6308851224105462, 0.8843283582089553, 0.7644787644787645, 0.875, 0.9203187250996016, 0.8085501858736059, 0.47509578544061304, 0.84375, 0.5069582504970179, 0.7735849056603774]
Test recall:
[0.8492063492063492, 0.7589285714285714, 0.6691729323308271, 0.6956521739130435, 0.868421052631579, 0.8267716535433071, 0.5968992248062015, 0.7841726618705036, 0.3931034482758621, 0.6589147286821705]
[0.6984126984126984, 0.7767857142857143, 0.41353383458646614, 0.6086956521739131, 0.8223684210526315, 0.8582677165354331, 0.8062015503875969, 0.8057553956834532, 0.4482758620689655, 0.7131782945736435]
[0.626984126984127, 0.7589285714285714, 0.7368421052631579, 0.7043478260869566, 0.7894736842105263, 0.8818897637795275, 0.6589147286821705, 0.7122302158273381, 0.6137931034482759, 0.689922480620155]
[0.7857142857142857, 0.8035714285714286, 0.8646616541353384, 0.5652173913043478, 0.8421052631578947, 0.8267716535433071, 0.7209302325581395, 0.7410071942446043, 0.36551724137931035, 0.813953488372093]
[0.4603174603174603, 0.8571428571428571, 0.706766917293233, 0.8608695652173913, 0.8947368421052632, 0.6771653543307087, 0.37209302325581395, 0.7841726618705036, 0.43448275862068964, 0.6666666666666666]

Iteration 9:
Train accuracies:
81.98163733741393
79.74368783473604
76.43458301453711
75.57383320581485
81.98163733741393
Test accuracies:
74.13925019127774
73.45065034429993
70.77276205049732
68.63045141545524
72.9150726855394
Train losses:
1.6472939892512997
1.6700863743700631
1.7008783301202262
1.7097393172543223
1.651566867421313
Test losses:
1.7217144384616758
1.7250624517115152
1.758782255940321
1.7779132098686405
1.7331469407895717
Train precision:
[0.7142857142857143, 0.8817829457364341, 0.9360613810741688, 0.7508250825082509, 0.8718446601941747, 0.8464106844741235, 0.8131672597864769, 0.8876190476190476, 0.6379310344827587, 0.9101382488479263]
[0.5826086956521739, 0.9121338912133892, 0.7627118644067796, 0.9088541666666666, 0.7857142857142857, 0.9458917835671342, 0.7386363636363636, 0.9607843137254902, 0.6666666666666666, 0.8813559322033898]
[0.8524173027989822, 0.8674463937621832, 0.8223234624145785, 0.9478827361563518, 0.8770833333333333, 0.6422360248447205, 0.6017811704834606, 0.9007936507936508, 0.6179245283018868, 0.75736568457539]
[0.4348981399468556, 0.9522673031026253, 0.8325991189427313, 0.7409326424870466, 0.9260143198090692, 0.943089430894309, 0.7135231316725978, 0.9345991561181435, 0.6394557823129252, 0.9113300492610837]
[0.8173076923076923, 0.8788461538461538, 0.9694189602446484, 0.75787728026534, 0.8375, 0.809748427672956, 0.8305400372439479, 0.9130434782608695, 0.5878693623639192, 0.9574468085106383]
Test precision:
[0.6241610738255033, 0.7413793103448276, 0.8936170212765957, 0.6370370370370371, 0.808641975308642, 0.8014705882352942, 0.7419354838709677, 0.8111888111888111, 0.5862068965517241, 0.8446601941747572]
[0.4830917874396135, 0.7727272727272727, 0.796875, 0.8205128205128205, 0.7486033519553073, 0.9351851851851852, 0.6621621621621622, 0.923728813559322, 0.673469387755102, 0.7593984962406015]
[0.7875, 0.75, 0.7739130434782608, 0.8852459016393442, 0.890625, 0.5741626794258373, 0.5572916666666666, 0.9069767441860465, 0.5982905982905983, 0.65]
[0.3569023569023569, 0.9333333333333333, 0.8225806451612904, 0.6384615384615384, 0.907563025210084, 0.9026548672566371, 0.6119402985074627, 0.8870967741935484, 0.6436781609195402, 0.75]
[0.7073170731707317, 0.7295081967213115, 0.9, 0.6131386861313869, 0.7808988764044944, 0.7243589743589743, 0.7757009345794392, 0.8529411764705882, 0.5111111111111111, 0.8863636363636364]
Train recall:
[0.8286252354048964, 0.8488805970149254, 0.7065637065637066, 0.8488805970149254, 0.8944223107569721, 0.9423791821561338, 0.8754789272030651, 0.91015625, 0.588469184890656, 0.7452830188679245]
[0.8832391713747646, 0.8134328358208955, 0.7818532818532818, 0.6511194029850746, 0.9203187250996016, 0.8773234200743495, 0.8716475095785441, 0.861328125, 0.5248508946322068, 0.7849056603773585]
[0.6308851224105462, 0.8302238805970149, 0.696911196911197, 0.542910447761194, 0.8386454183266933, 0.9609665427509294, 0.9061302681992337, 0.88671875, 0.5208747514910537, 0.8245283018867925]
[0.9246704331450094, 0.7444029850746269, 0.7297297297297297, 0.8003731343283582, 0.7729083665338645, 0.862453531598513, 0.7681992337164751, 0.865234375, 0.37375745526838966, 0.6981132075471698]
[0.800376647834275, 0.8526119402985075, 0.611969111969112, 0.8526119402985075, 0.9342629482071713, 0.9572490706319703, 0.8544061302681992, 0.90234375, 0.7514910536779325, 0.6792452830188679]
Test recall:
[0.7380952380952381, 0.7678571428571429, 0.631578947368421, 0.7478260869565218, 0.8618421052631579, 0.8582677165354331, 0.7131782945736435, 0.8345323741007195, 0.5862068965517241, 0.6744186046511628]
[0.7936507936507936, 0.7589285714285714, 0.7669172932330827, 0.5565217391304348, 0.881578947368421, 0.7952755905511811, 0.7596899224806202, 0.7841726618705036, 0.45517241379310347, 0.7829457364341085]
[0.5, 0.7767857142857143, 0.6691729323308271, 0.46956521739130436, 0.75, 0.9448818897637795, 0.8294573643410853, 0.841726618705036, 0.4827586206896552, 0.8062015503875969]
[0.8412698412698413, 0.625, 0.7669172932330827, 0.7217391304347827, 0.7105263157894737, 0.8031496062992126, 0.6356589147286822, 0.7913669064748201, 0.38620689655172413, 0.6046511627906976]
[0.6904761904761905, 0.7946428571428571, 0.5413533834586466, 0.7304347826086957, 0.9144736842105263, 0.889763779527559, 0.6434108527131783, 0.8345323741007195, 0.6344827586206897, 0.6046511627906976]

Iteration 10:
Train accuracies:
75.22953328232593
75.66947207345065
82.09640397857689
83.3779648048967
83.39709257842387
Test accuracies:
69.24254016832441
70.3902065799541
74.29227237949503
75.36342769701608
75.13389441469013
Train losses:
1.7135303412995688
1.7087143804968856
1.648877418622738
1.6325210492785385
1.6347722869093826
Test losses:
1.7698733574006615
1.7565377572687662
1.7227027299927502
1.7145348990835794
1.7107586453600627
Train precision:
[0.9478672985781991, 0.9300225733634312, 0.9162303664921466, 0.9238578680203046, 0.6952662721893491, 0.6885906040268457, 0.5994436717663422, 0.7946127946127947, 0.6038543897216274, 0.7353433835845896]
[0.5047120418848168, 0.7491961414790996, 0.8888888888888888, 0.9527272727272728, 0.888, 0.9305019305019305, 0.6571815718157181, 0.9575892857142857, 0.5739910313901345, 0.9007633587786259]
[0.8660714285714286, 0.9511677282377919, 0.9665738161559888, 0.9004524886877828, 0.8839458413926499, 0.7862595419847328, 0.8379373848987108, 0.8261617900172117, 0.6686746987951807, 0.6596638655462185]
[0.7551369863013698, 0.8206896551724138, 0.6614730878186968, 0.8502994011976048, 0.9161554192229039, 0.9287054409005628, 0.8846918489065606, 0.9511677282377919, 0.78, 0.8610567514677103]
[0.8201581027667985, 0.9645232815964523, 0.896328293736501, 0.6401062416998672, 0.9273504273504274, 0.9188191881918819, 0.9133192389006343, 0.7744, 0.7173447537473233, 0.8958333333333334]
Test precision:
[0.8780487804878049, 0.8241758241758241, 0.8888888888888888, 0.922077922077922, 0.6865671641791045, 0.6243386243386243, 0.5481927710843374, 0.7701863354037267, 0.5, 0.6455696202531646]
[0.44081632653061226, 0.6357142857142857, 0.8947368421052632, 0.8983050847457628, 0.8590604026845637, 0.875, 0.5852272727272727, 0.9380530973451328, 0.5639097744360902, 0.8854166666666666]
[0.7474747474747475, 0.8854166666666666, 0.967391304347826, 0.7777777777777778, 0.8627450980392157, 0.7516778523489933, 0.7647058823529411, 0.7607361963190185, 0.5704225352112676, 0.553921568627451]
[0.6492537313432836, 0.6595744680851063, 0.656084656084656, 0.7962962962962963, 0.8601398601398601, 0.8861788617886179, 0.7909090909090909, 0.9180327868852459, 0.673469387755102, 0.7050359712230215]
[0.7027027027027027, 0.963855421686747, 0.8503937007874016, 0.48743718592964824, 0.9393939393939394, 0.896551724137931, 0.8556701030927835, 0.6864864864864865, 0.6511627906976745, 0.7578125]
Train recall:
[0.3766478342749529, 0.7686567164179104, 0.6756756756756757, 0.6791044776119403, 0.9362549800796812, 0.9535315985130112, 0.8256704980842912, 0.921875, 0.5606361829025845, 0.8283018867924529]
[0.9077212806026366, 0.8694029850746269, 0.5714285714285714, 0.48880597014925375, 0.8844621513944223, 0.895910780669145, 0.9291187739463601, 0.837890625, 0.5089463220675944, 0.6679245283018868]
[0.7306967984934086, 0.835820895522388, 0.6698841698841699, 0.7425373134328358, 0.9103585657370518, 0.9572490706319703, 0.8716475095785441, 0.9375, 0.6620278330019881, 0.8886792452830189]
[0.8305084745762712, 0.8880597014925373, 0.9015444015444015, 0.7947761194029851, 0.8924302788844621, 0.9200743494423792, 0.8524904214559387, 0.875, 0.5427435387673957, 0.8301886792452831]
[0.7815442561205274, 0.8115671641791045, 0.8011583011583011, 0.8992537313432836, 0.8645418326693227, 0.9256505576208178, 0.8275862068965517, 0.9453125, 0.6660039761431411, 0.8113207547169812]
Test recall:
[0.2857142857142857, 0.6696428571428571, 0.6616541353383458, 0.6173913043478261, 0.9078947368421053, 0.9291338582677166, 0.7054263565891473, 0.8920863309352518, 0.42758620689655175, 0.7906976744186046]
[0.8571428571428571, 0.7946428571428571, 0.5112781954887218, 0.4608695652173913, 0.8421052631578947, 0.8267716535433071, 0.7984496124031008, 0.762589928057554, 0.5172413793103449, 0.6589147286821705]
[0.5873015873015873, 0.7589285714285714, 0.6691729323308271, 0.6086956521739131, 0.868421052631579, 0.8818897637795275, 0.7054263565891473, 0.8920863309352518, 0.5586206896551724, 0.875968992248062]
[0.6904761904761905, 0.8303571428571429, 0.9323308270676691, 0.7478260869565218, 0.8092105263157895, 0.8582677165354331, 0.6744186046511628, 0.8057553956834532, 0.45517241379310347, 0.7596899224806202]
[0.6190476190476191, 0.7142857142857143, 0.8120300751879699, 0.8434782608695652, 0.8157894736842105, 0.8188976377952756, 0.6434108527131783, 0.9136690647482014, 0.5793103448275863, 0.751937984496124]

Iteration 11:
Train accuracies:
73.64192807957154
75.0956388676358
78.78729915837796
82.99540933435348
82.00076511094109
Test accuracies:
69.62509563886763
69.85462892119358
70.08416220351951
73.45065034429993
71.920428462127
Train losses:
1.7239907674673127
1.714271571578049
1.677193076872244
1.6401560299280213
1.6491519801500367
Test losses:
1.7664757123807582
1.771098206682903
1.7594094509031715
1.7297171557821878
1.741829877946435
Train precision:
[0.8755760368663594, 0.9460154241645244, 0.8, 0.9824561403508771, 0.5282608695652173, 0.901010101010101, 0.58679706601467, 0.8652751423149905, 0.5175600739371534, 0.8904109589041096]
[0.3988941548183254, 0.8913043478260869, 0.9476584022038568, 0.7714808043875686, 0.9250535331905781, 0.9753593429158111, 0.8825301204819277, 0.9789719626168224, 0.5550561797752809, 0.8733850129198967]
[0.6312247644683715, 0.9694117647058823, 0.7858546168958742, 0.6436170212765957, 0.9538461538461539, 0.7694610778443114, 0.7059724349157733, 0.9594882729211087, 0.8340807174887892, 0.9368686868686869]
[0.6456908344733242, 0.7625786163522013, 0.7711442786069652, 0.8891257995735607, 0.9204081632653062, 0.9568788501026694, 0.8962655601659751, 0.9556541019955654, 0.784366576819407, 0.844488188976378]
[0.8639455782312925, 0.7507645259938838, 0.9227166276346604, 0.9008438818565401, 0.8527827648114902, 0.8453947368421053, 0.906183368869936, 0.9415584415584416, 0.5223880597014925, 0.9789156626506024]
Test precision:
[0.7241379310344828, 0.9, 0.8294573643410853, 1.0, 0.539622641509434, 0.8938053097345132, 0.5223880597014925, 0.815068493150685, 0.5319148936170213, 0.8198198198198198]
[0.35384615384615387, 0.7777777777777778, 0.9340659340659341, 0.6612903225806451, 0.9197080291970803, 0.9611650485436893, 0.8375, 0.9363636363636364, 0.5846153846153846, 0.7676767676767676]
[0.49214659685863876, 0.8791208791208791, 0.7518248175182481, 0.5202312138728323, 0.8956521739130435, 0.6993865030674846, 0.6086956521739131, 0.9473684210526315, 0.7538461538461538, 0.7938144329896907]
[0.5459459459459459, 0.6012658227848101, 0.7, 0.7941176470588235, 0.863013698630137, 0.9134615384615384, 0.8936170212765957, 0.9304347826086956, 0.6161616161616161, 0.6791044776119403]
[0.7954545454545454, 0.5892857142857143, 0.8613861386138614, 0.7788461538461539, 0.7527472527472527, 0.8148148148148148, 0.8369565217391305, 0.9210526315789473, 0.43548387096774194, 0.88]
Train recall:
[0.7156308851224106, 0.6865671641791045, 0.7644787644787645, 0.31343283582089554, 0.9681274900398407, 0.828996282527881, 0.9195402298850575, 0.890625, 0.5566600397614314, 0.7358490566037735]
[0.9510357815442562, 0.8414179104477612, 0.6640926640926641, 0.7873134328358209, 0.8605577689243028, 0.8828996282527881, 0.5613026819923371, 0.818359375, 0.49105367793240556, 0.6377358490566037]
[0.8832391713747646, 0.7686567164179104, 0.7722007722007722, 0.9029850746268657, 0.7410358565737052, 0.9553903345724907, 0.8831417624521073, 0.87890625, 0.3697813121272366, 0.7]
[0.8888888888888888, 0.9048507462686567, 0.8976833976833977, 0.7779850746268657, 0.898406374501992, 0.8661710037174721, 0.8275862068965517, 0.841796875, 0.5785288270377733, 0.809433962264151]
[0.7175141242937854, 0.9160447761194029, 0.7606177606177607, 0.7966417910447762, 0.9462151394422311, 0.9553903345724907, 0.814176245210728, 0.849609375, 0.8349900596421471, 0.6132075471698113]
Test recall:
[0.5, 0.6428571428571429, 0.8045112781954887, 0.2956521739130435, 0.9407894736842105, 0.7952755905511811, 0.813953488372093, 0.8561151079136691, 0.5172413793103449, 0.7054263565891473]
[0.9126984126984127, 0.75, 0.6390977443609023, 0.7130434782608696, 0.8289473684210527, 0.7795275590551181, 0.5193798449612403, 0.7410071942446043, 0.5241379310344828, 0.5891472868217055]
[0.746031746031746, 0.7142857142857143, 0.7744360902255639, 0.782608695652174, 0.6776315789473685, 0.8976377952755905, 0.7596899224806202, 0.7769784172661871, 0.33793103448275863, 0.5968992248062015]
[0.8015873015873016, 0.8482142857142857, 0.8947368421052632, 0.7043478260869566, 0.8289473684210527, 0.7480314960629921, 0.6511627906976745, 0.7697841726618705, 0.4206896551724138, 0.7054263565891473]
[0.5555555555555556, 0.8839285714285714, 0.6541353383458647, 0.7043478260869566, 0.9013157894736842, 0.8661417322834646, 0.5968992248062015, 0.7553956834532374, 0.7448275862068966, 0.5116279069767442]

Iteration 12:
Train accuracies:
84.85080336648814
82.36419280795715
82.65110941086458
78.53863810252487
83.85615914307574
Test accuracies:
77.73527161438409
73.60367253251722
73.14460596786535
71.00229533282327
75.05738332058148
Train losses:
1.6193009585869023
1.6426190268702623
1.6420764443351001
1.6784123320405075
1.6291817353992928
Test losses:
1.6953220658186006
1.7287936850291927
1.7302475004661373
1.7513346206851121
1.7155812687990142
Train precision:
[0.9035874439461884, 0.8794063079777366, 0.9051724137931034, 0.9360189573459715, 0.905511811023622, 0.8446280991735537, 0.7638436482084691, 0.8571428571428571, 0.703187250996016, 0.829225352112676]
[0.7015384615384616, 0.7041847041847041, 0.871264367816092, 0.9174311926605505, 0.8401420959147424, 0.9806451612903225, 0.8622881355932204, 0.9621848739495799, 0.6890756302521008, 0.8202846975088968]
[0.8989247311827957, 0.9281437125748503, 0.9373368146214099, 0.8321033210332104, 0.8803921568627451, 0.6620253164556962, 0.7258805513016845, 0.9092783505154639, 0.7194860813704497, 0.9375]
[0.48180924287118976, 0.7986798679867987, 0.8719512195121951, 0.9235127478753541, 0.9281045751633987, 0.9824945295404814, 0.7991886409736308, 0.9694835680751174, 0.7365269461077845, 0.7597292724196277]
[0.8910675381263616, 0.8709090909090909, 0.9290465631929047, 0.9212253829321663, 0.9080459770114943, 0.887719298245614, 0.9423631123919308, 0.9166666666666666, 0.5022727272727273, 0.9117647058823529]
Test precision:
[0.8, 0.7818181818181819, 0.8629032258064516, 0.8823529411764706, 0.8918918918918919, 0.7671232876712328, 0.6802721088435374, 0.8076923076923077, 0.6438356164383562, 0.72]
[0.5988023952095808, 0.5406976744186046, 0.7962962962962963, 0.8351648351648352, 0.8385093167701864, 0.96, 0.78, 0.9112903225806451, 0.6451612903225806, 0.65625]
[0.7708333333333334, 0.8269230769230769, 0.8623853211009175, 0.6942148760330579, 0.851063829787234, 0.5909090909090909, 0.5642458100558659, 0.8712121212121212, 0.6422764227642277, 0.8269230769230769]
[0.42748091603053434, 0.625, 0.8014705882352942, 0.8666666666666667, 0.9015151515151515, 0.979381443298969, 0.7117117117117117, 0.9528301886792453, 0.6627906976744186, 0.6392405063291139]
[0.8080808080808081, 0.7377049180327869, 0.8823529411764706, 0.8229166666666666, 0.8343949044585988, 0.8461538461538461, 0.9393939393939394, 0.8405797101449275, 0.4367816091954023, 0.7899159663865546]
Train recall:
[0.7589453860640302, 0.8843283582089553, 0.8108108108108109, 0.7369402985074627, 0.9163346613545816, 0.949814126394052, 0.8984674329501916, 0.9375, 0.7017892644135189, 0.8886792452830189]
[0.8587570621468926, 0.9104477611940298, 0.7316602316602316, 0.746268656716418, 0.9422310756972112, 0.8475836431226765, 0.7796934865900383, 0.89453125, 0.6520874751491054, 0.869811320754717]
[0.7871939736346516, 0.8675373134328358, 0.693050193050193, 0.8414179104477612, 0.8944223107569721, 0.9721189591078067, 0.9080459770114943, 0.861328125, 0.6679920477137177, 0.7641509433962265]
[0.9227871939736346, 0.9029850746268657, 0.8281853281853282, 0.6082089552238806, 0.848605577689243, 0.8345724907063197, 0.7547892720306514, 0.806640625, 0.48906560636182905, 0.8471698113207548]
[0.7702448210922788, 0.8936567164179104, 0.8088803088803089, 0.7854477611940298, 0.9442231075697212, 0.9405204460966543, 0.6264367816091954, 0.923828125, 0.878727634194831, 0.8188679245283019]
Test recall:
[0.6031746031746031, 0.7678571428571429, 0.8045112781954887, 0.6521739130434783, 0.868421052631579, 0.8818897637795275, 0.7751937984496124, 0.9064748201438849, 0.6482758620689655, 0.8372093023255814]
[0.7936507936507936, 0.8303571428571429, 0.6466165413533834, 0.6608695652173913, 0.8881578947368421, 0.7559055118110236, 0.6046511627906976, 0.8129496402877698, 0.5517241379310345, 0.813953488372093]
[0.5873015873015873, 0.7678571428571429, 0.706766917293233, 0.7304347826086957, 0.7894736842105263, 0.9212598425196851, 0.7829457364341085, 0.8273381294964028, 0.5448275862068965, 0.6666666666666666]
[0.8888888888888888, 0.8035714285714286, 0.8195488721804511, 0.5652173913043478, 0.7828947368421053, 0.7480314960629921, 0.6124031007751938, 0.7266187050359713, 0.3931034482758621, 0.7829457364341085]
[0.6349206349206349, 0.8035714285714286, 0.7894736842105263, 0.6869565217391305, 0.8618421052631579, 0.8661417322834646, 0.4806201550387597, 0.8345323741007195, 0.7862068965517242, 0.7286821705426356]

Iteration 13:
Train accuracies:
77.44835501147666
84.50650344299923
84.54475899005357
78.13695485845447
80.20275439938791
Test accuracies:
70.77276205049732
76.66411629686306
76.43458301453711
71.38485080336649
70.54322876817139
Train losses:
1.691862858650161
1.620649575460248
1.6217473556355733
1.6797038941848568
1.6653213646353744
Test losses:
1.7529490895387603
1.69783193599887
1.704198049335945
1.7505218779168479
1.7552945846464576
Train precision:
[0.9611650485436893, 0.9361233480176211, 0.9501466275659824, 0.9575971731448764, 0.8631984585741811, 0.7478260869565218, 0.5844636251541308, 0.802907915993538, 0.6549586776859504, 0.6685236768802229]
[0.6952662721893491, 0.9691211401425178, 0.85546875, 0.8882113821138211, 0.7714285714285715, 0.9758551307847082, 0.9002079002079002, 0.9119373776908023, 0.7738095238095238, 0.7993197278911565]
[0.7953321364452424, 0.8942486085343229, 0.9285714285714286, 0.8882113821138211, 0.8266897746967071, 0.8681135225375626, 0.8464285714285714, 0.9726027397260274, 0.6116071428571429, 0.9638888888888889]
[0.5868772782503038, 0.7473363774733638, 0.8369351669941061, 0.9661538461538461, 0.9665071770334929, 0.9605809128630706, 0.8788598574821853, 0.9876543209876543, 0.7929936305732485, 0.5549199084668193]
[0.8193548387096774, 0.6675639300134589, 0.9170403587443946, 0.5482796892341842, 0.878731343283582, 0.9183303085299456, 0.9615384615384616, 0.9660297239915074, 0.7168367346938775, 0.9749303621169917]
Test precision:
[0.8095238095238095, 0.8144329896907216, 0.9629629629629629, 1.0, 0.8561643835616438, 0.7108433734939759, 0.5233160621761658, 0.75, 0.5808823529411765, 0.5615763546798029]
[0.576271186440678, 0.9285714285714286, 0.8029197080291971, 0.7714285714285715, 0.734375, 0.9719626168224299, 0.85, 0.8676470588235294, 0.7333333333333333, 0.6463414634146342]
[0.7045454545454546, 0.8125, 0.8512396694214877, 0.7321428571428571, 0.7810650887573964, 0.8055555555555556, 0.752, 0.9711538461538461, 0.5441176470588235, 0.9047619047619048]
[0.507177033492823, 0.6438356164383562, 0.8208955223880597, 0.9402985074626866, 0.9482758620689655, 0.9339622641509434, 0.7978723404255319, 0.954954954954955, 0.6956521739130435, 0.45689655172413796]
[0.6893203883495146, 0.5233160621761658, 0.8275862068965517, 0.41975308641975306, 0.8353658536585366, 0.8372093023255814, 0.9242424242424242, 0.923728813559322, 0.6914893617021277, 0.8888888888888888]
Train recall:
[0.559322033898305, 0.792910447761194, 0.6254826254826255, 0.5055970149253731, 0.8924302788844621, 0.9591078066914498, 0.9080459770114943, 0.970703125, 0.6302186878727635, 0.9056603773584906]
[0.8851224105461394, 0.7611940298507462, 0.8455598455598455, 0.8152985074626866, 0.9681274900398407, 0.9014869888475836, 0.8295019157088123, 0.91015625, 0.6461232604373758, 0.8867924528301887]
[0.8342749529190208, 0.8992537313432836, 0.777992277992278, 0.8152985074626866, 0.950199203187251, 0.966542750929368, 0.9080459770114943, 0.83203125, 0.8170974155069582, 0.6547169811320754]
[0.9096045197740112, 0.9160447761194029, 0.8223938223938224, 0.585820895522388, 0.8047808764940239, 0.8605947955390335, 0.7088122605363985, 0.78125, 0.49502982107355864, 0.9150943396226415]
[0.7175141242937854, 0.9253731343283582, 0.7895752895752896, 0.9216417910447762, 0.9382470119521913, 0.9405204460966543, 0.6704980842911877, 0.888671875, 0.558648111332008, 0.660377358490566]
Test recall:
[0.40476190476190477, 0.7053571428571429, 0.5864661654135338, 0.46956521739130436, 0.8223684210526315, 0.9291338582677166, 0.7829457364341085, 0.9064748201438849, 0.5448275862068965, 0.8837209302325582]
[0.8095238095238095, 0.6964285714285714, 0.8270676691729323, 0.7043478260869566, 0.9276315789473685, 0.8188976377952756, 0.6589147286821705, 0.8489208633093526, 0.5310344827586206, 0.8217054263565892]
[0.7380952380952381, 0.8125, 0.7744360902255639, 0.7130434782608696, 0.868421052631579, 0.9133858267716536, 0.7286821705426356, 0.7266187050359713, 0.7655172413793103, 0.5891472868217055]
[0.8412698412698413, 0.8392857142857143, 0.8270676691729323, 0.5478260869565217, 0.7236842105263158, 0.7795275590551181, 0.5813953488372093, 0.762589928057554, 0.4413793103448276, 0.8217054263565892]
[0.5634920634920635, 0.9017857142857143, 0.7218045112781954, 0.8869565217391304, 0.9013157894736842, 0.8503937007874016, 0.4728682170542636, 0.7841726618705036, 0.4482758620689655, 0.5581395348837209]

Iteration 14:
Train accuracies:
83.530986993114
82.30680948737566
81.86687069625096
85.57765876052028
86.59143075745983
Test accuracies:
75.59296097934201
74.36878347360367
74.67482785003826
75.59296097934201
76.97016067329763
Train losses:
1.6307734796186772
1.6447238936656858
1.6463930817638956
1.6126699956451975
1.5994484664463415
Test losses:
1.7114051900258878
1.7227160029295014
1.7197070616047556
1.7083579156456925
1.6922623035384388
Train precision:
[0.9234234234234234, 0.8498233215547704, 0.8734939759036144, 0.9490291262135923, 0.9322033898305084, 0.9176029962546817, 0.9496021220159151, 0.8663101604278075, 0.49490373725934317, 0.9126819126819127]
[0.6333333333333333, 0.7469135802469136, 0.925531914893617, 0.941952506596306, 0.9487704918032787, 0.9610655737704918, 0.9053763440860215, 0.9705263157894737, 0.5958702064896755, 0.8752598752598753]
[0.8874458874458875, 0.9470338983050848, 0.963254593175853, 0.9413092550790068, 0.7249240121580547, 0.8281505728314239, 0.5382955771305286, 0.9429175475687104, 0.793733681462141, 0.9736842105263158]
[0.6914119359534207, 0.7938808373590982, 0.9565217391304348, 0.8939096267190569, 0.9262295081967213, 0.9649805447470817, 0.9483568075117371, 0.9434343434343434, 0.7709750566893424, 0.7770491803278688]
[0.8348623853211009, 0.9767981438515081, 0.8659003831417624, 0.92, 0.8023064250411862, 0.9603174603174603, 0.9247311827956989, 0.9248554913294798, 0.6489028213166145, 0.8946360153256705]
Test precision:
[0.7766990291262136, 0.7610619469026548, 0.8201438848920863, 0.9058823529411765, 0.9111111111111111, 0.8706896551724138, 0.9027777777777778, 0.8050314465408805, 0.44881889763779526, 0.7633587786259542]
[0.5561497326203209, 0.5833333333333334, 0.9294117647058824, 0.868421052631579, 0.9285714285714286, 0.9716981132075472, 0.8514851485148515, 0.9274193548387096, 0.49514563106796117, 0.7619047619047619]
[0.7647058823529411, 0.86, 0.925531914893617, 0.8085106382978723, 0.6763285024154589, 0.7847222222222222, 0.47368421052631576, 0.9416666666666667, 0.7857142857142857, 0.8811881188118812]
[0.5524861878453039, 0.6462585034013606, 0.8888888888888888, 0.7870370370370371, 0.8851351351351351, 0.9196428571428571, 0.8902439024390244, 0.8931297709923665, 0.6694915254237288, 0.6337209302325582]
[0.6893939393939394, 0.9367088607594937, 0.8582089552238806, 0.8061224489795918, 0.7185929648241206, 0.9622641509433962, 0.8488372093023255, 0.8620689655172413, 0.5445026178010471, 0.7299270072992701]
Train recall:
[0.7721280602636534, 0.8973880597014925, 0.8397683397683398, 0.7294776119402985, 0.8764940239043825, 0.9107806691449815, 0.685823754789272, 0.94921875, 0.8687872763419483, 0.8283018867924529]
[0.8945386064030132, 0.9029850746268657, 0.6718146718146718, 0.6660447761194029, 0.9223107569721115, 0.8717472118959108, 0.8065134099616859, 0.900390625, 0.8031809145129225, 0.7943396226415095]
[0.7721280602636534, 0.8339552238805971, 0.7084942084942085, 0.7779850746268657, 0.950199203187251, 0.9405204460966543, 0.9559386973180076, 0.87109375, 0.6043737574552683, 0.7679245283018868]
[0.8945386064030132, 0.9197761194029851, 0.806949806949807, 0.8488805970149254, 0.900398406374502, 0.9219330855018587, 0.7739463601532567, 0.912109375, 0.6759443339960238, 0.8943396226415095]
[0.8568738229755178, 0.7854477611940298, 0.8725868725868726, 0.8152985074626866, 0.9701195219123506, 0.8996282527881041, 0.8237547892720306, 0.9375, 0.8230616302186878, 0.8811320754716981]
Test recall:
[0.6349206349206349, 0.7678571428571429, 0.8571428571428571, 0.6695652173913044, 0.8092105263157895, 0.7952755905511811, 0.5038759689922481, 0.920863309352518, 0.7862068965517242, 0.7751937984496124]
[0.8253968253968254, 0.8125, 0.5939849624060151, 0.5739130434782609, 0.8552631578947368, 0.8110236220472441, 0.6666666666666666, 0.8273381294964028, 0.7034482758620689, 0.7441860465116279]
[0.6190476190476191, 0.7678571428571429, 0.6541353383458647, 0.6608695652173913, 0.9210526315789473, 0.889763779527559, 0.9069767441860465, 0.8129496402877698, 0.5310344827586206, 0.689922480620155]
[0.7936507936507936, 0.8482142857142857, 0.7218045112781954, 0.7391304347826086, 0.8618421052631579, 0.8110236220472441, 0.5658914728682171, 0.841726618705036, 0.5448275862068965, 0.8449612403100775]
[0.7222222222222222, 0.6607142857142857, 0.8646616541353384, 0.6869565217391305, 0.9407894736842105, 0.8031496062992126, 0.5658914728682171, 0.8992805755395683, 0.7172413793103448, 0.7751937984496124]



Iteration 15:
Train accuracies:
77.06579954093343
83.64575363427697
82.55547054322876
74.40703902065799
84.29609793420046
Test accuracies:
68.5539403213466
75.66947207345065
73.68018362662586
69.01300688599848
74.5983167559296
Train losses:
1.693551373917882
1.6322018162506382
1.6396645511068948
1.717363468030604
1.6226871035447934
Test losses:
1.7703427308943214
1.711122611673867
1.724711586789387
1.7704669644192952
1.7198366217496919
Train precision:
[0.7284345047923323, 0.6769005847953217, 0.9893238434163701, 0.9521640091116174, 0.9237472766884531, 0.9130434782608695, 0.9459459459459459, 0.9373776908023483, 0.39775910364145656, 0.9655172413793104]
[0.7238562091503268, 0.8446771378708552, 0.8774703557312253, 0.9311926605504587, 0.9663461538461539, 0.9220532319391636, 0.8850325379609545, 0.9955156950672646, 0.5581699346405229, 0.8829568788501027]
[0.8078291814946619, 0.8975332068311196, 0.9715762273901809, 0.9423076923076923, 0.7422360248447205, 0.8592964824120602, 0.690677966101695, 0.9930555555555556, 0.625, 0.9567723342939481]
[0.40112540192926044, 0.8080133555926544, 0.9225181598062954, 0.9710144927536232, 0.954653937947494, 0.9696356275303644, 0.8866995073891626, 0.9798206278026906, 0.49025487256371814, 0.9669669669669669]
[0.5694603903559128, 0.9277566539923955, 0.9672897196261683, 0.8368055555555556, 0.972972972972973, 0.9405204460966543, 0.9646643109540636, 0.9875518672199171, 0.6833333333333333, 0.8722222222222222]
Test precision:
[0.6275862068965518, 0.5030674846625767, 0.9230769230769231, 0.8941176470588236, 0.8823529411764706, 0.8879310344827587, 0.9318181818181818, 0.8759124087591241, 0.3644859813084112, 0.9052631578947369]
[0.6575342465753424, 0.7175572519083969, 0.8321167883211679, 0.8780487804878049, 0.9807692307692307, 0.9067796610169492, 0.8073394495412844, 0.981651376146789, 0.4715447154471545, 0.744]
[0.71875, 0.7672413793103449, 0.9175257731958762, 0.8533333333333334, 0.7046632124352331, 0.7847222222222222, 0.5647668393782384, 0.9807692307692307, 0.56, 0.8658536585365854]
[0.37987012987012986, 0.6814814814814815, 0.8715596330275229, 0.975609756097561, 0.9098360655737705, 0.9719626168224299, 0.8255813953488372, 0.9130434782608695, 0.46568627450980393, 0.9]
[0.484304932735426, 0.773109243697479, 0.9181818181818182, 0.648854961832061, 0.95, 0.8898305084745762, 0.9272727272727272, 0.943089430894309, 0.6178343949044586, 0.7019867549668874]
Train recall:
[0.8587570621468926, 0.8638059701492538, 0.5366795366795367, 0.7798507462686567, 0.8446215139442231, 0.8977695167286245, 0.40229885057471265, 0.935546875, 0.8469184890656064, 0.7396226415094339]
[0.8342749529190208, 0.9029850746268657, 0.8571428571428571, 0.7574626865671642, 0.8007968127490039, 0.9014869888475836, 0.7816091954022989, 0.8671875, 0.8489065606361829, 0.8113207547169812]
[0.8549905838041432, 0.8824626865671642, 0.7258687258687259, 0.7313432835820896, 0.952191235059761, 0.9535315985130112, 0.9367816091954023, 0.837890625, 0.7554671968190855, 0.6264150943396226]
[0.9397363465160076, 0.9029850746268657, 0.7355212355212355, 0.375, 0.796812749003984, 0.8903345724907064, 0.6896551724137931, 0.853515625, 0.6500994035785288, 0.6075471698113207]
[0.9340866290018832, 0.9104477611940298, 0.7992277992277992, 0.8992537313432836, 0.8605577689243028, 0.9405204460966543, 0.5229885057471264, 0.9296875, 0.7335984095427436, 0.8886792452830189]
Test recall:
[0.7222222222222222, 0.7321428571428571, 0.45112781954887216, 0.6608695652173913, 0.7894736842105263, 0.8110236220472441, 0.3178294573643411, 0.8633093525179856, 0.8068965517241379, 0.6666666666666666]
[0.7619047619047619, 0.8392857142857143, 0.8571428571428571, 0.6260869565217392, 0.6710526315789473, 0.84251968503937, 0.6821705426356589, 0.7697841726618705, 0.8, 0.7209302325581395]
[0.7301587301587301, 0.7946428571428571, 0.6691729323308271, 0.5565217391304348, 0.8947368421052632, 0.889763779527559, 0.8449612403100775, 0.7338129496402878, 0.6758620689655173, 0.5503875968992248]
[0.9285714285714286, 0.8214285714285714, 0.7142857142857143, 0.34782608695652173, 0.7302631578947368, 0.8188976377952756, 0.5503875968992248, 0.7553956834532374, 0.6551724137931034, 0.5581395348837209]
[0.8571428571428571, 0.8214285714285714, 0.7593984962406015, 0.7391304347826086, 0.75, 0.8267716535433071, 0.3953488372093023, 0.8345323741007195, 0.6689655172413793, 0.8217054263565892]

Iteration 16:
Train accuracies:
87.71996939556236
81.56082631981637
81.31216526396328
80.58530986993114
82.36419280795715
Test accuracies:
78.19433817903597
74.82785003825555
71.99693955623565
70.92578423871461
72.76205049732212
Train losses:
1.5897533406571644
1.6497420145244133
1.649932077745112
1.6576243944284392
1.6431784898769566
Test losses:
1.6846414310176199
1.7218875797783457
1.7439859756609288
1.755581425457466
1.735977184481737
Train precision:
[0.9532710280373832, 0.8539518900343642, 0.7880258899676376, 0.9426048565121413, 0.9410609037328095, 0.9008695652173913, 0.8402154398563735, 0.8996350364963503, 0.7589285714285714, 0.9196078431372549]
[0.5152471083070452, 0.9806034482758621, 0.9933110367892977, 0.717037037037037, 0.9678800856531049, 0.9377289377289377, 0.8792372881355932, 0.9502982107355865, 0.6781376518218624, 0.969187675070028]
[0.9067599067599068, 0.7390648567119156, 0.9802631578947368, 0.9635854341736695, 0.8952380952380953, 0.7492877492877493, 0.7144948755490483, 0.9707112970711297, 0.5784172661870504, 0.9693877551020408]
[0.8203125, 0.9402061855670103, 0.8244274809160306, 0.9354120267260579, 0.941544885177453, 0.9573170731707317, 0.7495987158908507, 0.9665178571428571, 0.930635838150289, 0.4813039309683605]
[0.5699177438307873, 0.9075785582255084, 0.8390596745027125, 0.7783094098883573, 0.964622641509434, 0.911190053285968, 0.9623430962343096, 0.9954233409610984, 0.696526508226691, 0.9192825112107623]
Test precision:
[0.85, 0.7238805970149254, 0.7045454545454546, 0.8901098901098901, 0.9019607843137255, 0.8540145985401459, 0.706766917293233, 0.8181818181818182, 0.635593220338983, 0.7786259541984732]
[0.44047619047619047, 0.8723404255319149, 0.9487179487179487, 0.5723270440251572, 0.9699248120300752, 0.9032258064516129, 0.801980198019802, 0.9037037037037037, 0.6808510638297872, 0.8888888888888888]
[0.8160919540229885, 0.6052631578947368, 0.9367088607594937, 0.9117647058823529, 0.8, 0.6538461538461539, 0.6227544910179641, 0.92, 0.4842105263157895, 0.8695652173913043]
[0.711864406779661, 0.8526315789473684, 0.7687074829931972, 0.875, 0.8611111111111112, 0.9259259259259259, 0.6402877697841727, 0.9210526315789473, 0.8571428571428571, 0.3782051282051282]
[0.5123152709359606, 0.775, 0.672514619883041, 0.6231884057971014, 0.9375, 0.8492063492063492, 0.9433962264150944, 0.9626168224299065, 0.6, 0.7786885245901639]
Train recall:
[0.768361581920904, 0.9272388059701493, 0.9401544401544402, 0.7966417910447762, 0.954183266932271, 0.9628252788104089, 0.896551724137931, 0.962890625, 0.6759443339960238, 0.8849056603773585]
[0.9227871939736346, 0.8488805970149254, 0.5733590733590733, 0.9029850746268657, 0.900398406374502, 0.9516728624535316, 0.7950191570881227, 0.93359375, 0.6660039761431411, 0.6528301886792452]
[0.7325800376647834, 0.914179104477612, 0.5752895752895753, 0.6417910447761194, 0.9362549800796812, 0.9776951672862454, 0.9348659003831418, 0.90625, 0.7992047713717694, 0.7169811320754716]
[0.7909604519774012, 0.8507462686567164, 0.833976833976834, 0.7835820895522388, 0.898406374501992, 0.8754646840148699, 0.8946360153256705, 0.845703125, 0.32007952286282304, 0.9471698113207547]
[0.9133709981167608, 0.9160447761194029, 0.8957528957528957, 0.9104477611940298, 0.8147410358565738, 0.9535315985130112, 0.44061302681992337, 0.849609375, 0.757455268389662, 0.7735849056603774]
Test recall:
[0.5396825396825397, 0.8660714285714286, 0.9323308270676691, 0.7043478260869566, 0.9078947368421053, 0.9212598425196851, 0.7286821705426356, 0.9064748201438849, 0.5172413793103449, 0.7906976744186046]
[0.8809523809523809, 0.7321428571428571, 0.556390977443609, 0.7913043478260869, 0.8486842105263158, 0.8818897637795275, 0.627906976744186, 0.8776978417266187, 0.6620689655172414, 0.6201550387596899]
[0.5634920634920635, 0.8214285714285714, 0.556390977443609, 0.5391304347826087, 0.868421052631579, 0.937007874015748, 0.8062015503875969, 0.8273381294964028, 0.6344827586206897, 0.6201550387596899]
[0.6666666666666666, 0.7232142857142857, 0.849624060150376, 0.6695652173913044, 0.8157894736842105, 0.7874015748031497, 0.689922480620155, 0.7553956834532374, 0.2482758620689655, 0.9147286821705426]
[0.8253968253968254, 0.8303571428571429, 0.8646616541353384, 0.7478260869565218, 0.6907894736842105, 0.84251968503937, 0.3875968992248062, 0.7410071942446043, 0.6413793103448275, 0.7364341085271318]

Iteration 17:
Train accuracies:
85.94108645753634
92.25325172149962
92.5592960979342
92.96097934200459
92.98010711553175
Test accuracies:
75.82249426166794
81.25478194338179
81.48431522570773
82.32593726090283
81.48431522570773
Train losses:
1.6068830497381164
1.54077384384667
1.5379427744121086
1.5355523214107607
1.5360061279157313
Test losses:
1.7011161286656449
1.6480699370547038
1.646799962695052
1.6438981003877593
1.6476608456634894
Train precision:
[0.96045197740113, 0.9156626506024096, 0.9151138716356108, 0.9753694581280788, 0.8868613138686131, 0.8764607679465777, 0.7214814814814815, 0.9143389199255121, 0.7097966728280961, 0.82793867120954]
[0.8763636363636363, 0.974155069582505, 0.9186046511627907, 0.902803738317757, 0.9452054794520548, 0.9540441176470589, 0.9144486692015209, 0.9610894941634242, 0.8428290766208252, 0.9384615384615385]
[0.8498233215547704, 0.9688109161793372, 0.9106463878326996, 0.8945454545454545, 0.9455252918287937, 0.9424460431654677, 0.9220532319391636, 0.9820717131474104, 0.8891257995735607, 0.958498023715415]
[0.8968105065666041, 0.9453860640301318, 0.927063339731286, 0.9347408829174664, 0.9364161849710982, 0.9510869565217391, 0.8941605839416058, 0.9821073558648111, 0.8739837398373984, 0.9547244094488189]
[0.9054820415879017, 0.9437148217636022, 0.9650205761316872, 0.9466403162055336, 0.9436893203883495, 0.9443447037701975, 0.9219047619047619, 0.9821782178217822, 0.8114901256732495, 0.945631067961165]
Test precision:
[0.8421052631578947, 0.8061224489795918, 0.8692307692307693, 0.9466666666666667, 0.8023255813953488, 0.7919463087248322, 0.591715976331361, 0.8435374149659864, 0.5986394557823129, 0.6871165644171779]
[0.7175572519083969, 0.898989898989899, 0.7960526315789473, 0.7798165137614679, 0.9, 0.9316239316239316, 0.8103448275862069, 0.9057971014492754, 0.6602564102564102, 0.7697841726618705]
[0.7089552238805971, 0.8823529411764706, 0.7935483870967742, 0.7456140350877193, 0.8954248366013072, 0.9032258064516129, 0.7916666666666666, 0.9612403100775194, 0.6901408450704225, 0.7910447761194029]
[0.773109243697479, 0.8333333333333334, 0.7701863354037267, 0.8252427184466019, 0.8860759493670886, 0.8943089430894309, 0.78125, 0.9545454545454546, 0.7132352941176471, 0.8045112781954887]
[0.7457627118644068, 0.8151260504201681, 0.8976377952755905, 0.8586956521739131, 0.896774193548387, 0.8527131782945736, 0.8157894736842105, 0.9333333333333333, 0.627906976744186, 0.7602739726027398]
Train recall:
[0.64030131826742, 0.8507462686567164, 0.8532818532818532, 0.7388059701492538, 0.9681274900398407, 0.9758364312267658, 0.9329501915708812, 0.958984375, 0.7634194831013916, 0.9169811320754717]
[0.9077212806026366, 0.914179104477612, 0.915057915057915, 0.9011194029850746, 0.9621513944223108, 0.9646840148698885, 0.921455938697318, 0.96484375, 0.852882703777336, 0.9207547169811321]
[0.9058380414312618, 0.9272388059701493, 0.9247104247104247, 0.917910447761194, 0.9681274900398407, 0.9739776951672863, 0.9291187739463601, 0.962890625, 0.8290258449304175, 0.9150943396226415]
[0.9001883239171374, 0.9365671641791045, 0.9324324324324325, 0.9085820895522388, 0.9681274900398407, 0.9758364312267658, 0.9386973180076629, 0.96484375, 0.8548707753479126, 0.9150943396226415]
[0.9020715630885122, 0.9384328358208955, 0.9054054054054054, 0.8936567164179104, 0.9681274900398407, 0.9776951672862454, 0.9272030651340997, 0.96875, 0.8986083499005965, 0.9188679245283019]
Test recall:
[0.38095238095238093, 0.7053571428571429, 0.849624060150376, 0.6173913043478261, 0.9078947368421053, 0.9291338582677166, 0.7751937984496124, 0.8920863309352518, 0.6068965517241379, 0.8682170542635659]
[0.746031746031746, 0.7946428571428571, 0.9097744360902256, 0.7391304347826086, 0.8881578947368421, 0.8582677165354331, 0.7286821705426356, 0.8992805755395683, 0.7103448275862069, 0.8294573643410853]
[0.753968253968254, 0.8035714285714286, 0.924812030075188, 0.7391304347826086, 0.9013157894736842, 0.8818897637795275, 0.7364341085271318, 0.8920863309352518, 0.6758620689655173, 0.8217054263565892]
[0.7301587301587301, 0.8482142857142857, 0.9323308270676691, 0.7391304347826086, 0.9210526315789473, 0.8661417322834646, 0.7751937984496124, 0.9064748201438849, 0.6689655172413793, 0.8294573643410853]
[0.6984126984126984, 0.8660714285714286, 0.8571428571428571, 0.6869565217391305, 0.9144736842105263, 0.8661417322834646, 0.7209302325581395, 0.9064748201438849, 0.7448275862068966, 0.8604651162790697]

Iteration 18:
Train accuracies:
93.11400153022188
93.1522570772762
93.32440703902066
93.28615149196634
93.57306809487376
Test accuracies:
82.86151491966335
82.09640397857689
82.47895944912013
83.39709257842387
82.47895944912013
Train losses:
1.532063957394623
1.5323832987285242
1.5311104211865403
1.5313219355373848
1.530218019718077
Test losses:
1.6367181597686395
1.6421115398406982
1.638849898082454
1.6369820542451812
1.639923319583986
Train precision:
[0.8797814207650273, 0.9707602339181286, 0.9465346534653465, 0.9261363636363636, 0.9507874015748031, 0.9459459459459459, 0.9087523277467412, 0.9821782178217822, 0.847036328871893, 0.9603960396039604]
[0.8460207612456747, 0.9784313725490196, 0.939922480620155, 0.9114391143911439, 0.9455252918287937, 0.9629629629629629, 0.9172932330827067, 0.99, 0.8817427385892116, 0.9513618677042801]
[0.8832116788321168, 0.9747081712062257, 0.9309021113243762, 0.935361216730038, 0.951171875, 0.9460431654676259, 0.8990825688073395, 0.9899799599198397, 0.8630952380952381, 0.9642147117296223]
[0.9153846153846154, 0.9598470363288719, 0.9342359767891683, 0.9303201506591338, 0.9347408829174664, 0.9459459459459459, 0.8927272727272727, 0.9880239520958084, 0.8805668016194332, 0.9476744186046512]
[0.9016697588126159, 0.9512195121951219, 0.9653061224489796, 0.9444444444444444, 0.9437984496124031, 0.9459459459459459, 0.9415204678362573, 0.9880478087649402, 0.829981718464351, 0.9549902152641878]
Test precision:
[0.7164179104477612, 0.9038461538461539, 0.8439716312056738, 0.8058252427184466, 0.9383561643835616, 0.8837209302325582, 0.8235294117647058, 0.9333333333333333, 0.6835443037974683, 0.782608695652174]
[0.6875, 0.8823529411764706, 0.8266666666666667, 0.75, 0.9133333333333333, 0.9391304347826087, 0.7868852459016393, 0.9465648854961832, 0.723404255319149, 0.7785714285714286]
[0.7272727272727273, 0.883495145631068, 0.7870967741935484, 0.8181818181818182, 0.9025974025974026, 0.8854961832061069, 0.7890625, 0.9534883720930233, 0.7021276595744681, 0.8148148148148148]
[0.7931034482758621, 0.8703703703703703, 0.8092105263157895, 0.8018867924528302, 0.8930817610062893, 0.8656716417910447, 0.7906976744186046, 0.9477611940298507, 0.7559055118110236, 0.795774647887324]
[0.7307692307692307, 0.8151260504201681, 0.9105691056910569, 0.797979797979798, 0.8924050632911392, 0.849624060150376, 0.8611111111111112, 0.946969696969697, 0.6568047337278107, 0.8235294117647058]
Train recall:
[0.9096045197740112, 0.9291044776119403, 0.9227799227799228, 0.9123134328358209, 0.9621513944223108, 0.9758364312267658, 0.9348659003831418, 0.96875, 0.8807157057654076, 0.9150943396226415]
[0.9209039548022598, 0.9309701492537313, 0.9362934362934363, 0.9216417910447762, 0.9681274900398407, 0.966542750929368, 0.9348659003831418, 0.966796875, 0.8449304174950298, 0.9226415094339623]
[0.911487758945386, 0.9347014925373134, 0.9362934362934363, 0.917910447761194, 0.9701195219123506, 0.9776951672862454, 0.9386973180076629, 0.96484375, 0.8648111332007953, 0.9150943396226415]
[0.896421845574388, 0.9365671641791045, 0.9324324324324325, 0.9216417910447762, 0.9701195219123506, 0.9758364312267658, 0.9406130268199234, 0.966796875, 0.8648111332007953, 0.9226415094339623]
[0.9152542372881356, 0.9458955223880597, 0.9131274131274131, 0.9197761194029851, 0.9701195219123506, 0.9758364312267658, 0.9252873563218391, 0.96875, 0.9025844930417495, 0.9207547169811321]
Test recall:
[0.7619047619047619, 0.8392857142857143, 0.8947368421052632, 0.7217391304347827, 0.9013157894736842, 0.8976377952755905, 0.7596899224806202, 0.9064748201438849, 0.7448275862068966, 0.8372093023255814]
[0.7857142857142857, 0.8035714285714286, 0.9323308270676691, 0.7304347826086957, 0.9013157894736842, 0.8503937007874016, 0.7441860465116279, 0.8920863309352518, 0.7034482758620689, 0.8449612403100775]
[0.7619047619047619, 0.8125, 0.9172932330827067, 0.7043478260869566, 0.9144736842105263, 0.9133858267716536, 0.7829457364341085, 0.8848920863309353, 0.6827586206896552, 0.8527131782945736]
[0.7301587301587301, 0.8392857142857143, 0.924812030075188, 0.7391304347826086, 0.9342105263157895, 0.9133858267716536, 0.7906976744186046, 0.9136690647482014, 0.6620689655172414, 0.875968992248062]
[0.753968253968254, 0.8660714285714286, 0.8421052631578947, 0.6869565217391305, 0.9276315789473685, 0.889763779527559, 0.7209302325581395, 0.8992805755395683, 0.7655172413793103, 0.8682170542635659]

Iteration 19:
Train accuracies:
93.5539403213466
93.53481254781943
93.66870696250956
93.70696250956388
93.59219586840092
Test accuracies:
83.6266258607498
82.55547054322876
83.24407039020659
83.0910482019893
82.86151491966335
Train losses:
1.5275932623118889
1.5288849385773264
1.527642821393362
1.5282743456887036
1.5292542765780193
Test losses:
1.632498357354141
1.6394283335383346
1.635039788920705
1.6361655171324567
1.639710016366912
Train precision:
[0.8899082568807339, 0.9766990291262136, 0.9395711500974658, 0.9389312977099237, 0.9473684210526315, 0.9528985507246377, 0.9138576779026217, 0.9860834990059643, 0.8599221789883269, 0.9533980582524272]
[0.85, 0.9784735812133072, 0.9330783938814532, 0.9320754716981132, 0.9473684210526315, 0.9720670391061452, 0.9243856332703214, 0.9900199600798403, 0.879837067209776, 0.9551656920077972]
[0.9, 0.9748549323017408, 0.9326923076923077, 0.9607843137254902, 0.945631067961165, 0.947841726618705, 0.8992673992673993, 0.9919839679358717, 0.8517110266159695, 0.969939879759519]
[0.9302325581395349, 0.9638095238095238, 0.9382239382239382, 0.9393939393939394, 0.9365384615384615, 0.9477477477477477, 0.8994515539305301, 0.9861386138613861, 0.878, 0.9513618677042801]
[0.889090909090909, 0.9426987060998152, 0.985200845665962, 0.9624505928853755, 0.949119373776908, 0.9547101449275363, 0.9347408829174664, 0.9900398406374502, 0.7989601386481803, 0.9777777777777777]
Test precision:
[0.751937984496124, 0.9134615384615384, 0.8299319727891157, 0.82, 0.9205298013245033, 0.8951612903225806, 0.8114754098360656, 0.9338235294117647, 0.7124183006535948, 0.7943262411347518]
[0.6917808219178082, 0.900990099009901, 0.8299319727891157, 0.7714285714285715, 0.9025974025974026, 0.9469026548672567, 0.7874015748031497, 0.9473684210526315, 0.7214285714285714, 0.7872340425531915]
[0.7384615384615385, 0.9108910891089109, 0.8066666666666666, 0.845360824742268, 0.9150326797385621, 0.8923076923076924, 0.7751937984496124, 0.9465648854961832, 0.6967741935483871, 0.8320610687022901]
[0.8165137614678899, 0.8703703703703703, 0.8275862068965517, 0.7962962962962963, 0.8924050632911392, 0.8721804511278195, 0.7846153846153846, 0.9130434782608695, 0.7226277372262774, 0.8014184397163121]
[0.7101449275362319, 0.8235294117647058, 0.9491525423728814, 0.8041237113402062, 0.9271523178807947, 0.8818897637795275, 0.8558558558558559, 0.9541984732824428, 0.6190476190476191, 0.8571428571428571]
Train recall:
[0.9133709981167608, 0.9384328358208955, 0.9305019305019305, 0.917910447761194, 0.9681274900398407, 0.9776951672862454, 0.9348659003831418, 0.96875, 0.878727634194831, 0.9264150943396227]
[0.928436911487759, 0.9328358208955224, 0.9420849420849421, 0.9216417910447762, 0.9681274900398407, 0.9702602230483272, 0.9367816091954023, 0.96875, 0.8588469184890656, 0.9245283018867925]
[0.9152542372881356, 0.9402985074626866, 0.9362934362934363, 0.914179104477612, 0.9701195219123506, 0.9795539033457249, 0.9406130268199234, 0.966796875, 0.8906560636182903, 0.9132075471698113]
[0.903954802259887, 0.9440298507462687, 0.9382239382239382, 0.9253731343283582, 0.9701195219123506, 0.9776951672862454, 0.9425287356321839, 0.97265625, 0.8727634194831014, 0.9226415094339623]
[0.9209039548022598, 0.9514925373134329, 0.8996138996138996, 0.9085820895522388, 0.9661354581673307, 0.9795539033457249, 0.9329501915708812, 0.970703125, 0.9165009940357853, 0.9132075471698113]
Test recall:
[0.7698412698412699, 0.8482142857142857, 0.9172932330827067, 0.7130434782608696, 0.9144736842105263, 0.8740157480314961, 0.7674418604651163, 0.9136690647482014, 0.7517241379310344, 0.8682170542635659]
[0.8015873015873016, 0.8125, 0.9172932330827067, 0.7043478260869566, 0.9144736842105263, 0.84251968503937, 0.7751937984496124, 0.9064748201438849, 0.696551724137931, 0.8604651162790697]
[0.7619047619047619, 0.8214285714285714, 0.9097744360902256, 0.7130434782608696, 0.9210526315789473, 0.9133858267716536, 0.7751937984496124, 0.8920863309352518, 0.7448275862068966, 0.8449612403100775]
[0.7063492063492064, 0.8392857142857143, 0.9022556390977443, 0.7478260869565218, 0.9276315789473685, 0.9133858267716536, 0.7906976744186046, 0.9064748201438849, 0.6827586206896552, 0.875968992248062]
[0.7777777777777778, 0.875, 0.8421052631578947, 0.6782608695652174, 0.9210526315789473, 0.8818897637795275, 0.7364341085271318, 0.8992805755395683, 0.8068965517241379, 0.8372093023255814]

Iteration 20:
Train accuracies:
93.84085692425401
93.97475133894415
93.85998469778117
94.03213465952564
94.0512624330528
Test accuracies:
83.55011476664116
83.01453710788064
83.47360367253252
83.47360367253252
82.78500382555471
Train losses:
1.5246994946061112
1.5239170389931376
1.5250993560000163
1.52367612864913
1.5244018559048815
Test losses:
1.6303111082170068
1.6327459463259069
1.6324684939733365
1.6327467575305845
1.6335535805399826
Train precision:
[0.9, 0.97678916827853, 0.936046511627907, 0.9412878787878788, 0.9548133595284872, 0.9546279491833031, 0.9109461966604824, 0.992, 0.861271676300578, 0.9607072691552063]
[0.9035250463821892, 0.9786821705426356, 0.947265625, 0.9276437847866419, 0.9439071566731141, 0.9668508287292817, 0.928030303030303, 0.9920159680638723, 0.8527724665391969, 0.9607843137254902]
[0.8842676311030742, 0.9786821705426356, 0.9291187739463601, 0.9379699248120301, 0.951171875, 0.958029197080292, 0.9162011173184358, 0.9939879759519038, 0.88, 0.9607072691552063]
[0.9119850187265918, 0.9694656488549618, 0.9291187739463601, 0.945179584120983, 0.9420849420849421, 0.9597806215722121, 0.9176029962546817, 0.9939879759519038, 0.8781925343811395, 0.95703125]
[0.9099437148217636, 0.9676190476190476, 0.9695121951219512, 0.9484732824427481, 0.9475728155339805, 0.9495495495495495, 0.9227871939736346, 0.9900990099009901, 0.8478664192949907, 0.9587426326129665]
Test precision:
[0.746031746031746, 0.9038461538461539, 0.8287671232876712, 0.780952380952381, 0.9210526315789473, 0.912, 0.8015873015873016, 0.9402985074626866, 0.7006369426751592, 0.8333333333333334]
[0.7286821705426356, 0.9029126213592233, 0.8299319727891157, 0.7589285714285714, 0.9032258064516129, 0.9316239316239316, 0.8220338983050848, 0.9197080291970803, 0.6987179487179487, 0.8270676691729323]
[0.7272727272727273, 0.9029126213592233, 0.7960526315789473, 0.7706422018348624, 0.9205298013245033, 0.9193548387096774, 0.7890625, 0.946969696969697, 0.7588652482269503, 0.8222222222222222]
[0.7560975609756098, 0.8867924528301887, 0.7924528301886793, 0.7961165048543689, 0.9090909090909091, 0.9256198347107438, 0.819672131147541, 0.9398496240601504, 0.7181208053691275, 0.8175182481751825]
[0.7560975609756098, 0.8508771929824561, 0.912, 0.7941176470588235, 0.9144736842105263, 0.8560606060606061, 0.8166666666666667, 0.9124087591240876, 0.6626506024096386, 0.8235294117647058]
Train recall:
[0.9152542372881356, 0.9421641791044776, 0.9324324324324325, 0.9272388059701493, 0.9681274900398407, 0.9776951672862454, 0.9406130268199234, 0.96875, 0.8886679920477137, 0.9226415094339623]
[0.9171374764595104, 0.9421641791044776, 0.9362934362934363, 0.9328358208955224, 0.9721115537848606, 0.9758364312267658, 0.9386973180076629, 0.970703125, 0.8866799204771372, 0.9245283018867925]
[0.9209039548022598, 0.9421641791044776, 0.9362934362934363, 0.9309701492537313, 0.9701195219123506, 0.9758364312267658, 0.9425287356321839, 0.96875, 0.8747514910536779, 0.9226415094339623]
[0.9171374764595104, 0.9477611940298507, 0.9362934362934363, 0.9328358208955224, 0.9721115537848606, 0.9758364312267658, 0.9386973180076629, 0.96875, 0.8886679920477137, 0.9245283018867925]
[0.9133709981167608, 0.9477611940298507, 0.9208494208494209, 0.9272388059701493, 0.9721115537848606, 0.9795539033457249, 0.9386973180076629, 0.9765625, 0.9085487077534792, 0.9207547169811321]
Test recall:
[0.746031746031746, 0.8392857142857143, 0.9097744360902256, 0.7130434782608696, 0.9210526315789473, 0.8976377952755905, 0.7829457364341085, 0.9064748201438849, 0.7586206896551724, 0.8527131782945736]
[0.746031746031746, 0.8303571428571429, 0.9172932330827067, 0.7391304347826086, 0.9210526315789473, 0.8582677165354331, 0.751937984496124, 0.9064748201438849, 0.7517241379310344, 0.8527131782945736]
[0.7619047619047619, 0.8303571428571429, 0.9097744360902256, 0.7304347826086957, 0.9144736842105263, 0.8976377952755905, 0.7829457364341085, 0.8992805755395683, 0.7379310344827587, 0.8604651162790697]
[0.7380952380952381, 0.8392857142857143, 0.9473684210526315, 0.7130434782608696, 0.9210526315789473, 0.8818897637795275, 0.7751937984496124, 0.8992805755395683, 0.7379310344827587, 0.8682170542635659]
[0.7380952380952381, 0.8660714285714286, 0.8571428571428571, 0.7043478260869566, 0.9144736842105263, 0.889763779527559, 0.7596899224806202, 0.8992805755395683, 0.7586206896551724, 0.8682170542635659]

